   0.0000000e+00   2.7514876e-03   3.1161795e-02   2.6492673e-03   5.3917670e-15   2.1225251e-15   5.2177535e-02   1.0706351e-03   1.3214552e-02   4.1273753e-35   1.0832133e-20   9.5709290e-38   2.8811778e-14   1.0334259e-28   1.3214552e-02   2.6798562e-03   5.2103760e-03   3.0697169e-03   7.1689780e-03   4.3517169e-04   5.4869800e-02   2.6798562e-03   1.7941535e-05   7.0602420e-28
   1.0101010e-02   3.5351660e-03   5.2954695e-02   6.8721685e-03   2.5164455e-14   1.0122034e-14   8.5327950e-02   2.1954009e-03   2.3640362e-02   4.4960665e-34   6.6900810e-20   1.1405301e-36   1.2926150e-13   8.9136170e-28   2.3640362e-02   5.2445355e-03   9.8370995e-03   5.9645045e-03   1.3294025e-02   9.3164415e-04   8.9409030e-02   5.2445355e-03   4.4027067e-05   5.8959860e-27
   2.0202020e-02   4.5258750e-03   8.7132769e-02   1.6660992e-02   1.1326321e-13   4.6550854e-14   1.3456867e-01   4.3414131e-03   4.0785018e-02   4.7232007e-33   3.9846817e-19   1.3107031e-35   5.5925925e-13   7.4143575e-27   4.0785018e-02   9.8980005e-03   1.7910591e-02   1.1176229e-02   2.3773908e-02   1.9234655e-03   1.4049934e-01   9.8980005e-03   1.0418970e-04   4.7483005e-26
   3.0303030e-02   5.7913180e-03   1.3886328e-01   3.7836889e-02   4.9162625e-13   2.0645832e-13   2.0466402e-01   8.2792930e-03   6.7856600e-02   4.7850332e-32   2.2887629e-18   1.4526024e-34   2.3334692e-12   5.9475480e-26   6.7856600e-02   1.8014939e-02   3.1448338e-02   2.0195802e-02   4.1000539e-02   3.8296899e-03   2.1291785e-01   1.8014939e-02   2.3777967e-04   3.6877785e-25
   4.0404040e-02   7.4657706e-03   2.1441578e-01   8.0696195e-02   2.0579090e-12   8.8304335e-13   3.0018151e-01   1.5226507e-02   1.0887506e-01   4.6749655e-31   1.2678061e-17   1.5525090e-33   9.3893570e-12   4.6009476e-25   1.0887506e-01   3.1620083e-02   5.3251320e-02   3.5194258e-02   6.8190430e-02   7.3533920e-03   3.1116787e-01   3.1620083e-02   5.2332270e-04   2.7620807e-24
   5.0505051e-02   9.8699966e-03   3.2086550e-01   1.6209459e-01   8.3073435e-12   3.6423071e-12   4.2459147e-01   2.7005501e-02   1.6846498e-01   4.4047042e-30   6.7725120e-17   1.6001708e-32   3.6434645e-11   3.4324285e-24   1.6846498e-01   5.3522715e-02   8.6957675e-02   5.9146275e-02   1.0937101e-01   1.3616226e-02   4.3855323e-01   5.3522715e-02   1.1107320e-03   1.9950454e-23
   6.0606061e-02   1.3819594e-02   4.6549691e-01   3.0762926e-01   3.2340225e-11   1.4488252e-11   5.7916655e-01   4.6190117e-02   2.5138290e-01   4.0022110e-29   3.4889248e-16   1.5905359e-31   1.3634465e-10   2.4694522e-23   2.5138290e-01   8.7369155e-02   1.3694001e-01   9.5857900e-02   1.6917099e-01   2.4314796e-02   5.9606660e-01   8.7369155e-02   2.2734944e-03   1.3896777e-22
   7.0707071e-02   2.1329526e-02   6.5488321e-01   5.5341885e-01   1.2141401e-10   5.5577665e-11   7.6186950e-01   7.6188740e-02   3.6174850e-01   3.5069381e-28   1.7333183e-15   1.5246337e-30   4.9204699e-10   1.7133442e-22   3.6174850e-01   1.3753810e-01   2.0796856e-01   1.4982120e-01   2.5234485e-01   4.1872550e-02   7.8128975e-01   1.3753810e-01   4.4876956e-03   9.3351285e-22
   8.0808081e-02   3.7021699e-02   8.9368309e-01   9.4678430e-01   4.3958159e-10   2.0560302e-10   9.6650160e-01   1.2119296e-01   5.0202185e-01   2.9634740e-27   8.3044325e-15   1.4093940e-29   1.7124580e-09   1.1463930e-21   5.0202185e-01   2.0880111e-01   3.0458599e-01   2.2582060e-01   3.6300106e-01   6.9539745e-02   9.8758475e-01   2.0880111e-01   8.5427520e-03   6.0474375e-21
   9.0909091e-02   7.0522387e-02   1.1832801e+00   1.5449316e+00   1.5348115e-09   7.3350585e-10   1.1824138e+00   1.8591263e-01   6.7186715e-01   2.4150105e-26   3.8369527e-14   1.2564471e-28   5.7474895e-09   7.3971990e-21   6.7186715e-01   3.0569440e-01   4.3019667e-01   3.2824546e-01   5.0357740e-01   1.1137345e-01   1.2038753e+00   3.0569440e-01   1.5682564e-02   3.7780471e-20
   1.0101010e-01   1.3976863e-01   1.5204749e+00   2.4105356e+00   5.1679165e-09   2.5236119e-09   1.3950226e+00   2.7503331e-01   8.6713975e-01   1.8979372e-25   1.7096525e-13   1.0801919e-27   1.8602928e-08   4.6030531e-20   8.6713975e-01   4.3160559e-01   5.8596145e-01   4.6012812e-01   6.7370455e-01   1.7201848e-01   1.4152512e+00   4.3160559e-01   2.7763950e-02   2.2761886e-19
   1.1111111e-01   2.7419649e-01   1.8965035e+00   3.6030935e+00   1.6781116e-08   8.3731035e-09   1.5872230e+00   3.9237974e-01   1.0792937e+00   1.4384327e-24   7.3463925e-13   8.9557610e-27   5.8066995e-08   2.7622918e-19   1.0792937e+00   5.8766730e-01   7.6969020e-01   6.2201910e-01   8.6919575e-01   2.5622027e-01   1.6044658e+00   5.8766730e-01   4.7401308e-02   1.3224950e-18
   1.2121212e-01   5.1533681e-01   2.2966680e+00   5.1654600e+00   5.2549800e-08   2.6791388e-08   1.7415643e+00   5.3984955e-01   1.2954931e+00   1.0513374e-23   3.0442851e-12   7.1605925e-26   1.7479229e-07   1.5985934e-18   1.2954931e+00   7.7165090e-01   9.7500705e-01   8.1091170e-01   1.0814603e+00   3.6804144e-01   1.7541724e+00   7.7165090e-01   7.8044860e-02   7.4101105e-18
   1.3131313e-01   9.1118650e-01   2.7008146e+00   7.1065035e+00   1.5869608e-07   8.2670180e-08   1.8428329e+00   7.1628165e-01   1.4996002e+00   7.4103650e-23   1.2165820e-11   5.5212870e-25   5.0741125e-07   8.9217770e-18   1.4996002e+00   9.7713620e-01   1.1910896e+00   1.0195025e+00   1.2976230e+00   5.0982940e-01   1.8495197e+00   9.7713620e-01   1.2392050e-01   4.0040568e-17
   1.4141414e-01   1.5014015e+00   3.0847645e+00   9.3833150e+00   4.6217476e-07   2.4600698e-07   1.8805172e+00   9.1651540e-01   1.6740203e+00   5.0371160e-22   4.6885911e-11   4.1055996e-24   1.4205051e-06   4.8018614e-17   1.6740203e+00   1.1932577e+00   1.4032209e+00   1.2360838e+00   1.5015207e+00   6.8107965e-01   1.8805746e+00   1.1932577e+00   1.8975223e-01   2.0865110e-16
   1.5151515e-01   2.2942761e+00   3.4226247e+00   1.1888888e+01   1.2980491e-06   7.0597755e-07   1.8506042e+00   1.1309427e+00   1.8021497e+00   3.3019403e-21   1.7425619e-10   2.9441352e-23   3.8350443e-06   2.4923714e-16   1.8021497e+00   1.4052651e+00   1.5942356e+00   1.4452815e+00   1.6755563e+00   8.7743675e-01   1.8440261e+00   1.4052651e+00   2.8020478e-01   1.0485425e-15
   1.6161616e-01   3.2431274e+00   3.6896975e+00   1.4452026e+01   3.5157740e-06   1.9537960e-06   1.7562838e+00   1.3458181e+00   1.8709659e+00   2.0873792e-20   6.2456690e-10   2.0360282e-22   9.9848810e-06   1.2475582e-15   1.8709659e+00   1.5959791e+00   1.7467222e+00   1.6296782e+00   1.8031489e+00   1.0901308e+00   1.7437669e+00   1.5959791e+00   3.9903323e-01   5.0815505e-15
   1.7171717e-01   4.2354271e+00   3.8655433e+00   1.6853981e+01   9.1832335e-06   5.2144975e-06   1.6073879e+00   1.5444612e+00   1.8732072e+00   1.2725604e-19   2.1588109e-09   1.3578592e-21   2.5070342e-05   6.0221795e-15   1.8732072e+00   1.7479983e+00   1.8456107e+00   1.7721323e+00   1.8713244e+00   1.3061297e+00   1.5902108e+00   1.7479983e+00   5.4800875e-01   2.3749330e-14
   1.8181818e-01   5.1072948e+00   3.9366575e+00   1.8860981e+01   2.3132108e-05   1.3421176e-05   1.4187035e+00   1.7092774e+00   1.8086336e+00   7.4817010e-19   7.1960660e-09   8.7331430e-21   6.0704730e-05   2.8034417e-14   1.8086336e+00   1.8462891e+00   1.8806209e+00   1.8583835e+00   1.8728864e+00   1.5091727e+00   1.3985109e+00   1.8462891e+00   7.2578970e-01   1.0704130e-13
   1.9191919e-01   5.6857710e+00   3.8982639e+00   2.0265521e+01   5.6192675e-05   3.3312988e-05   1.2075565e+00   1.8242861e+00   1.6840707e+00   4.2419659e-18   2.3132393e-08   5.4166565e-20   1.4175216e-04   1.2585609e-13   1.6840707e+00   1.8806297e+00   1.8480226e+00   1.8794009e+00   1.8076681e+00   1.6816531e+00   1.1861017e+00   1.8806297e+00   9.2699845e-01   4.6526060e-13
   2.0202020e-01   5.8453931e+00   3.7548743e+00   2.0925296e+01   1.3164036e-04   7.9740965e-05   9.9121560e-01   1.8776656e+00   1.5122198e+00   2.3194173e-17   7.1711840e-08   3.2399394e-19   3.1921387e-04   5.4488120e-13   1.5122198e+00   1.8473611e+00   1.7512907e+00   1.8329407e+00   1.6825611e+00   1.8070858e+00   9.7011420e-01   1.8473611e+00   1.1418054e+00   1.9502311e-12
   2.1212121e-01   5.5540458e+00   3.5195196e+00   2.0789012e+01   2.9740162e-04   1.8407478e-04   7.8464595e-01   1.8637535e+00   1.3095268e+00   1.2230254e-16   2.1439077e-07   1.8689057e-18   6.9323215e-04   2.2749629e-12   1.3095268e+00   1.7500287e+00   1.6004940e+00   1.7239405e+00   1.5103163e+00   1.8726908e+00   7.6518895e-01   1.7500287e+00   1.3562823e+00   7.8835305e-12
   2.2222222e-01   4.8852524e+00   3.2118258e+00   1.9902956e+01   6.4795150e-04   4.0978115e-04   5.9899640e-01   1.7840358e+00   1.0936007e+00   6.2192355e-16   6.1811060e-07   1.0396395e-17   1.4518460e-03   9.1599205e-12   1.0936007e+00   1.5987606e+00   1.4105704e+00   1.5636553e+00   1.3074041e+00   1.8715361e+00   5.8204885e-01   1.5987606e+00   1.5536492e+00   3.0732674e-11
   2.3232323e-01   3.9905199e+00   2.8553396e+00   1.8398347e+01   1.3614024e-03   8.7974045e-04   4.4098071e-01   1.6468860e+00   8.8074065e-01   3.0498845e-15   1.7185856e-06   5.5772880e-17   2.9322924e-03   3.5567551e-11   8.8074065e-01   1.4085316e+00   1.1988929e+00   1.3677435e+00   1.0914319e+00   1.8037456e+00   4.2696773e-01   1.4085316e+00   1.7163298e+00   1.1553799e-10
   2.4242424e-01   3.0459542e+00   2.4746305e+00   1.6464308e+01   2.7585158e-03   1.8213861e-03   3.1308327e-01   1.4661163e+00   6.8404110e-01   1.4423633e-14   4.6080911e-06   2.8854148e-16   5.7113515e-03   1.3318679e-10   6.8404110e-01   1.1967258e+00   9.8267715e-01   1.1537540e+00   8.7867520e-01   1.6764756e+00   3.0204772e-01   1.1967258e+00   1.8284934e+00   4.1888439e-10
   2.5252525e-01   2.1988062e+00   2.0926864e+00   1.4313676e+01   5.3902550e-03   3.6365903e-03   2.1436063e-01   1.2586883e+00   5.1234355e-01   6.5782575e-14   1.1915598e-05   1.4395883e-15   1.0727917e-02   4.8096469e-10   5.1234355e-01   9.8054515e-01   7.7675890e-01   9.3857000e-01   6.8218940e-01   1.5026716e+00   2.0606345e-01   9.8054515e-01   1.8785854e+00   1.4645643e-09
   2.6262626e-01   1.5356014e+00   1.7289921e+00   1.2149090e+01   1.0157527e-02   7.0021535e-03   1.4153865e-01   1.0421083e+00   3.7007113e-01   2.8932898e-13   2.9713616e-05   6.9264910e-15   1.9432865e-02   1.6749819e-09   3.7007113e-01   7.7479255e-01   5.9211565e-01   7.3631725e-01   5.1077130e-01   1.2989002e+00   1.3557240e-01   7.7479255e-01   1.8612872e+00   4.9381875e-09
   2.7272727e-01   1.0788494e+00   1.3984818e+00   1.0135868e+01   1.8459147e-02   1.3002109e-02   9.0125985e-02   8.3205570e-01   2.5778286e-01   1.2272072e-12   7.1456225e-05   3.2139058e-14   3.3947135e-02   5.6253815e-09   2.5778286e-01   5.9040245e-01   4.3528300e-01   5.5706800e-01   3.6880167e-01   1.0827605e+00   8.6017425e-02   5.9040245e-01   1.7784463e+00   1.6057267e-08
   2.8282828e-01   8.0476124e-01   1.1113445e+00   8.3863375e+00   3.2350435e-02   2.3283101e-02   5.5343910e-02   6.4067365e-01   1.7316805e-01   5.0198270e-12   1.6571793e-04   1.4381291e-13   5.7189240e-02   1.8219594e-08   1.7316805e-01   4.3386617e-01   3.0858994e-01   4.0643988e-01   2.5680541e-01   8.7043015e-01   5.2631595e-02   4.3386617e-01   1.6387510e+00   5.0352445e-08
   2.9292929e-01   6.6798541e-01   8.7349755e-01   6.9573660e+00   5.4675595e-02   4.0208026e-02   3.2774387e-02   4.7573619e-01   1.1218282e-01   1.9801792e-11   3.7063280e-04   6.2059395e-13   9.2911700e-02   5.6907610e-08   1.1218282e-01   3.0747393e-01   2.1097778e-01   2.8597582e-01   1.7244887e-01   6.7480820e-01   3.1056428e-02   3.0747393e-01   1.4562304e+00   1.5227000e-07
   3.0303030e-01   6.2184555e-01   6.8744702e-01   5.8594455e+00   8.9115205e-02   6.6962180e-02   1.8717343e-02   3.4067513e-01   7.0085775e-02   7.5329505e-11   7.9939805e-04   2.5826291e-12   1.4556983e-01   1.7141422e-07   7.0085775e-02   2.1013854e-01   1.3910303e-01   1.9404712e-01   1.1167640e-01   5.0451215e-01   1.7672637e-02   2.1013854e-01   1.2479354e+00   4.4407168e-07
   3.1313131e-01   6.2928848e-01   5.5324192e-01   5.0727685e+00   1.4007318e-01   1.0754527e-01   1.0308576e-02   2.3526621e-01   4.2225840e-02   2.7635711e-10   1.6627509e-03   1.0364813e-11   2.1994659e-01   4.9792995e-07   4.2225840e-02   1.3849944e-01   8.8446635e-02   1.2697844e-01   6.9744080e-02   3.6375404e-01   9.6983110e-03   1.3849944e-01   1.0313332e+00   1.2489259e-06
   3.2323232e-01   6.6556698e-01   4.6927919e-01   4.5643889e+00   2.1232595e-01   1.6657042e-01   5.4751765e-03   1.5668361e-01   2.4534183e-02   9.7773480e-10   3.3353102e-03   4.0114907e-11   3.2048522e-01   1.3948726e-06   2.4534183e-02   8.8030910e-02   5.4233915e-02   8.0130465e-02   4.2004732e-02   2.5292334e-01   5.1325805e-03   8.8030910e-02   8.2196025e-01   3.3873899e-06
   3.3333333e-01   7.1621415e-01   4.3280770e-01   4.3011297e+00   3.1038164e-01   2.4879944e-01   2.8044158e-03   1.0063115e-01   1.3747058e-02   3.3359258e-09   6.4519370e-03   1.4972523e-10   4.5034325e-01   3.7683024e-06   1.3747058e-02   5.3959420e-02   3.2070480e-02   4.8765225e-02   2.4396862e-02   1.6959571e-01   2.6195114e-03   5.3959420e-02   6.3175330e-01   8.8600990e-06
   3.4343434e-01   7.7360039e-01   4.4008753e-01   4.2550293e+00   4.3755624e-01   3.5838166e-01   1.3852610e-03   6.2328440e-02   7.4283585e-03   1.0976315e-08   1.2036187e-02   5.3892595e-10   6.1027305e-01   9.8175205e-06   7.4283585e-03   3.1896589e-02   1.8288786e-02   2.8619873e-02   1.3665156e-02   1.0966947e-01   1.2892874e-03   3.1896589e-02   4.6826219e-01   2.2348936e-05
   3.5353535e-01   8.3393920e-01   4.8626411e-01   4.4011741e+00   5.9486255e-01   4.9783687e-01   6.5988105e-04   3.7229306e-02   3.8709791e-03   3.4829054e-08   2.1653725e-02   1.8707169e-09   7.9753475e-01   2.4666231e-05   3.8709791e-03   1.8183023e-02   1.0057943e-02   1.6198323e-02   7.3814235e-03   6.8391400e-02   6.1196145e-04   1.8183023e-02   3.3471530e-01   5.4365080e-05
   3.6363636e-01   8.9531402e-01   5.6510063e-01   4.7107225e+00   7.7990960e-01   6.6691920e-01   3.0314097e-04   2.1445122e-02   1.9453318e-03   1.0657900e-07   3.7568271e-02   6.2622725e-09   1.0051247e+00   5.9765240e-05   1.9453318e-03   9.9961520e-03   5.3343115e-03   8.8413235e-03   3.8451257e-03   4.1130326e-02   2.8011945e-04   9.9961520e-03   2.3073152e-01   1.2753462e-04
   3.7373737e-01   9.5660091e-01   6.6875992e-01   5.1437440e+00   9.8609055e-01   8.6159725e-01   1.3429768e-04   1.1912886e-02   9.4278235e-04   3.1451876e-07   6.2857150e-02   2.0216256e-08   1.2216173e+00   1.3964951e-04   9.4278235e-04   5.2996175e-03   2.7283021e-03   4.6538184e-03   1.9316385e-03   2.3854356e-02   1.2365378e-04   5.2996175e-03   1.5338510e-01   2.8852340e-04
   3.8383838e-01   1.0169651e+00   7.8782549e-01   5.6463115e+00   1.2023591e+00   1.0734461e+00   5.7376920e-05   6.3819055e-03   4.4063002e-04   8.9508920e-07   1.0142221e-01   6.2938210e-08   1.4318426e+00   3.1468430e-04   4.4063002e-04   2.7095742e-03   1.3457099e-03   2.3623620e-03   9.3580650e-04   1.3341914e-02   5.2640060e-05   2.7095742e-03   9.8334140e-02   6.2947560e-04
   3.9393939e-01   1.0756590e+00   9.1169683e-01   6.1541695e+00   1.4138279e+00   1.2897368e+00   2.3640186e-05   3.2970734e-03   1.9860109e-04   2.4565804e-06   1.5781792e-01   1.8896133e-07   1.6184537e+00   6.8384175e-04   1.9860109e-04   1.3359878e-03   6.4011105e-04   1.1564540e-03   4.3721107e-04   7.1963695e-03   2.1610771e-05   1.3359878e-03   6.0795350e-02   1.3244075e-03
   4.0404040e-01   1.1319564e+00   1.0293902e+00   6.6023025e+00   1.6032592e+00   1.4944000e+00   9.3931105e-06   1.6426754e-03   8.6324495e-05   6.5019035e-06   2.3682332e-01   5.4711220e-07   1.7642095e+00   1.4331150e-03   8.6324495e-05   6.3525605e-04   2.9363247e-04   5.4595290e-04   1.9698862e-04   3.7432915e-03   8.5559660e-06   6.3525605e-04   3.6247771e-02   2.6872573e-03
   4.1414141e-01   1.1851400e+00   1.1306504e+00   6.9373005e+00   1.7532984e+00   1.6698500e+00   3.5992570e-06   7.8925945e-04   3.6185234e-05   1.6595677e-05   3.4271847e-01   1.5276530e-06   1.8545774e+00   2.8963521e-03   3.6185234e-05   2.9129968e-04   1.2989659e-04   2.4855750e-04   8.5592560e-05   1.8777543e-03   3.2667260e-06   2.9129968e-04   2.0841892e-02   5.2582565e-03
   4.2424242e-01   1.2345086e+00   1.2071667e+00   7.1284210e+00   1.8490677e+00   1.7994219e+00   1.3300292e-06   3.6570654e-04   1.4627617e-05   4.0850212e-05   4.7829456e-01   4.1135611e-06   1.8801159e+00   5.6450340e-03   1.4627617e-05   1.2881787e-04   5.5416145e-05   1.0912983e-04   3.5865409e-05   9.0838250e-04   1.2028217e-06   1.2881787e-04   1.1556807e-02   9.9224565e-03
   4.3434343e-01   1.2793903e+00   1.2536254e+00   7.1737260e+00   1.8805925e+00   1.8699647e+00   4.7397386e-07   1.6341448e-04   5.7024395e-06   9.6970255e-05   6.4372185e-01   1.0682087e-05   1.8381002e+00   1.0610276e-02   5.7024395e-06   5.4936010e-05   2.2799207e-05   4.6206701e-05   1.4493072e-05   4.2378312e-04   4.2710507e-07   5.4936010e-05   6.1799285e-03   1.8056829e-02
   4.4444444e-01   1.3191568e+00   1.2683504e+00   7.0990775e+00   1.8445120e+00   1.8740394e+00   1.6288927e-07   7.0419550e-05   2.1438416e-06   2.2198706e-04   8.3549910e-01   2.6750943e-05   1.7330003e+00   1.9232321e-02   2.1438416e-06   2.2593474e-05   9.0458225e-06   1.8867369e-05   5.6479390e-06   1.9066169e-04   1.4625580e-07   2.2593474e-05   3.1869405e-03   3.1689012e-02
   4.5454545e-01   1.3532382e+00   1.2533777e+00   6.9496700e+00   1.7446694e+00   1.8112105e+00   5.3985295e-08   2.9264483e-05   7.7726585e-07   4.9007402e-04   1.0457758e+00   6.4605130e-05   1.5756981e+00   3.3618752e-02   7.7726585e-07   8.9609445e-06   3.4611569e-06   7.4295515e-06   2.1225818e-06   8.2723350e-05   4.8298797e-08   8.9609445e-06   1.5849273e-03   5.3631605e-02
   4.6464646e-01   1.3811362e+00   1.2139502e+00   6.7760090e+00   1.5914379e+00   1.6881226e+00   1.7254540e-08   1.1728254e-05   2.7176364e-07   1.0433753e-03   1.2623392e+00   1.5046650e-04   1.3816316e+00   5.6673020e-02   2.7176364e-07   3.4274368e-06   1.2771427e-06   2.8213618e-06   7.6927885e-07   3.4612875e-05   1.5381704e-08   3.4274368e-06   7.6013305e-04   8.7534200e-02
   4.7474747e-01   1.4024364e+00   1.1575646e+00   6.6184030e+00   1.3999455e+00   1.5173437e+00   5.3183405e-09   4.5328437e-06   9.1634290e-08   2.1422215e-03   1.4694624e+00   3.3795392e-04   1.1683054e+00   9.2133175e-02   9.1634290e-08   1.2642414e-06   4.5446706e-07   1.0332367e-06   2.6887351e-07   1.3966646e-05   4.7240825e-09   1.2642414e-06   3.5157242e-04   1.3777792e-01
   4.8484848e-01   1.4168188e+00   1.0927875e+00   6.4952960e+00   1.1876199e+00   1.3152516e+00   1.5808615e-09   1.6894799e-06   2.9796798e-08   4.2416328e-03   1.6496270e+00   7.3201515e-04   9.5272030e-01   1.4444436e-01   2.9796798e-08   4.4971304e-07   1.5595895e-07   3.6491001e-07   9.0626900e-08   5.4348990e-06   1.3991858e-09   4.4971304e-07   1.5681401e-04   2.0913485e-01
   4.9494949e-01   1.4240652e+00   1.0280855e+00   6.4000220e+00   9.7160270e-01   1.0994579e+00   4.5316502e-10   6.0726775e-07   9.3438540e-09   8.0992845e-03   1.7859033e+00   1.5290706e-03   7.4923720e-01   2.1838865e-01   9.3438540e-09   1.5427155e-07   5.1613475e-08   1.2428440e-07   2.9458535e-08   2.0395564e-06   3.9964851e-10   1.5427155e-07   6.7452775e-05   3.0613858e-01
   5.0505051e-01   1.4240652e+00   9.7085525e-01   6.3075120e+00   7.6655765e-01   8.8632555e-01   1.2527484e-10   2.1050008e-07   2.8257088e-09   1.4914377e-02   1.8645542e+00   3.0802070e-03   5.6822210e-01   3.1842298e-01   2.8257088e-09   5.1036520e-08   1.6472548e-08   4.0821817e-08   9.2344290e-09   7.3811640e-07   1.1008443e-10   5.1036520e-08   2.7980771e-05   4.3217000e-01
   5.1515152e-01   1.4168188e+00   9.2675230e-01   6.1882285e+00   5.8323805e-01   6.8905330e-01   3.3397671e-11   7.0367030e-08   8.2408810e-10   2.6485518e-02   1.8773142e+00   5.9838015e-03   4.1558689e-01   4.4773769e-01   8.2408810e-10   1.6282504e-08   5.0699465e-09   1.2930430e-08   2.7916042e-09   2.5760772e-07   2.9242768e-11   1.6282504e-08   1.1193461e-05   5.8835040e-01
   5.2525253e-01   1.4024364e+00   8.9932862e-01   6.0232830e+00   4.2794875e-01   5.1660340e-01   8.5864455e-12   2.2684597e-08   2.3177403e-10   4.5358296e-02   1.8228202e+00   1.1210353e-02   2.9312337e-01   6.0713850e-01   2.3177403e-10   5.0096365e-09   1.5048417e-09   3.9498306e-09   8.1384655e-10   8.6703730e-08   7.4912790e-12   5.0096365e-09   4.3183123e-06   7.7243580e-01
   5.3535354e-01   1.3811362e+00   8.8993527e-01   5.8141600e+00   3.0281861e-01   3.7351376e-01   2.1289014e-12   7.0524140e-09   6.2863825e-11   7.4911740e-02   1.7068508e+00   2.0253792e-02   1.9938107e-01   7.9395670e-01   6.2863825e-11   1.4864015e-09   4.3074792e-10   1.1635602e-09   2.2881059e-10   2.8142431e-08   1.8507099e-12   1.4864015e-09   1.6066030e-06   9.7798820e-01
   5.4545455e-01   1.3532382e+00   8.9783563e-01   5.5830045e+00   2.0664183e-01   2.6043588e-01   5.0902905e-13   2.1144111e-09   1.6443025e-11   1.1931305e-01   1.5413178e+00   3.5288913e-02   1.3078631e-01   1.0012689e+00   1.6443025e-11   4.2531524e-10   1.1890509e-10   3.3055533e-10   6.2037540e-11   8.8090750e-09   4.4092590e-13   4.2531524e-10   5.7643190e-07   1.1941248e+00
   5.5555556e-01   1.3191568e+00   9.2049175e-01   5.3636690e+00   1.3598745e-01   1.7512169e-01   1.1737470e-13   6.1134445e-10   4.1477016e-12   1.8326134e-01   1.3422510e+00   5.9294595e-02   8.2734295e-02   1.2177259e+00   4.1477016e-12   1.1736285e-10   3.1653561e-11   9.0561655e-11   1.6221012e-11   2.6591564e-09   1.0130660e-13   1.1736285e-10   1.9944920e-07   1.4060823e+00
   5.6565657e-01   1.2793903e+00   9.5400203e-01   5.1875595e+00   8.6302685e-02   1.1355962e-01   2.6100648e-14   1.7046192e-10   1.0089699e-12   2.7145552e-01   1.1272498e+00   9.6080845e-02   5.0472375e-02   1.4282138e+00   1.0089699e-12   3.1231672e-11   8.1262395e-12   2.3927065e-11   4.0902156e-12   7.7410945e-10   2.2446819e-14   3.1231672e-11   6.6552060e-08   1.5966754e+00
   5.7575758e-01   1.2345086e+00   9.9366238e-01   5.0702405e+00   5.2819545e-02   7.1015450e-02   5.5972280e-15   4.5836736e-11   2.3669757e-13   3.8776749e-01   9.1295940e-01   1.5014242e-01   2.9693869e-02   1.6154065e+00   2.3669757e-13   8.0150220e-12   2.0118775e-12   6.0964835e-12   9.9462495e-13   2.1732303e-10   4.7964149e-15   8.0150220e-12   2.1415863e-08   1.7485072e+00
   5.8585859e-01   1.1851399e+00   1.0345910e+00   5.0042215e+00   3.1175249e-02   4.2827887e-02   1.1575495e-15   1.1886250e-11   5.3549360e-14   5.3418170e-01   7.1306260e-01   2.2626372e-01   1.6847083e-02   1.7620382e+00   5.3549360e-14   1.9836228e-12   4.8035061e-13   1.4980084e-12   2.3324771e-13   5.8837475e-11   9.8837915e-16   1.9836228e-12   6.6459120e-09   1.8465586e+00
   5.9595960e-01   1.1319561e+00   1.0723182e+00   4.9608029e+00   1.7744757e-02   2.4908371e-02   2.3086126e-16   2.9724939e-12   1.1683142e-14   7.0966190e-01   5.3709210e-01   3.2882991e-01   9.2178060e-03   1.8535047e+00   1.1683142e-14   4.7343281e-13   1.1060125e-13   3.5497193e-13   5.2749740e-14   1.5361980e-11   1.9641529e-16   4.7343281e-13   1.9889252e-09   1.8806314e+00
   6.0606061e-01   1.0756574e+00   1.1032245e+00   4.9002692e+00   9.7403625e-03   1.3970402e-02   4.4402501e-17   7.1687255e-13   2.4581587e-15   9.0919885e-01   3.9013485e-01   4.6086380e-01   4.8637953e-03   1.8802559e+00   2.4581587e-15   1.0896888e-13   2.4558773e-14   8.1118270e-14   1.1504511e-14   3.8679890e-12   3.7641933e-17   1.0896888e-13   5.7402025e-10   1.8470946e+00
   6.1616162e-01   1.0169574e+00   1.1247359e+00   4.7863558e+00   5.1561440e-03   7.5564420e-03   8.2358550e-18   1.6672772e-13   4.9877545e-16   1.1233399e+00   2.7329118e-01   6.2290065e-01   2.4749584e-03   1.8394378e+00   4.9877545e-16   2.4187532e-14   5.2589390e-15   1.7876735e-14   2.4196962e-15   9.3922180e-13   6.9568625e-18   2.4187532e-14   1.5976472e-10   1.7495224e+00
   6.2626263e-01   9.5656838e-01   1.1352505e+00   4.5990974e+00   2.6322059e-03   3.9415835e-03   1.4731767e-18   3.7395436e-14   9.7598945e-17   1.3384690e+00   1.8462112e-01   8.1191365e-01   1.2145221e-03   1.7353943e+00   9.7598945e-17   5.1775645e-15   1.0860117e-15   3.7992916e-15   4.9079311e-16   2.1993584e-13   1.2399376e-18   5.1775645e-15   4.2882434e-11   1.5980662e+00
   6.3636364e-01   8.9518689e-01   1.1338614e+00   4.3408029e+00   1.2958645e-03   1.9827546e-03   2.5412413e-19   8.0886165e-15   1.8417473e-17   1.5379790e+00   1.2027685e-01   1.0205770e+00   5.7476170e-04   1.5789054e+00   1.8417473e-17   1.0688194e-15   2.1627973e-16   7.7868525e-16   9.6002150e-17   4.9667092e-14   2.1312340e-19   1.0688194e-15   1.1099997e-11   1.4077155e+00
   6.4646465e-01   8.3348127e-01   1.1200082e+00   4.0329733e+00   6.1523945e-04   9.6186055e-04   4.2274826e-20   1.6872320e-15   3.3516594e-18   1.7042659e+00   7.5566205e-02   1.2371622e+00   2.6231016e-04   1.3853482e+00   3.3516594e-18   2.1277865e-16   4.1537655e-17   1.5390977e-16   1.8109579e-17   1.0816490e-14   3.5327045e-20   2.1277865e-16   2.7708385e-12   1.1958589e+00
   6.5656566e-01   7.7208020e-01   1.0932132e+00   3.7061616e+00   2.8169147e-04   4.4998719e-04   6.7820760e-21   3.3940657e-16   5.8821300e-19   1.8212485e+00   4.5784456e-02   1.4462800e+00   1.1544823e-04   1.1722134e+00   5.8821300e-19   4.0850434e-17   7.6933065e-18   2.9336971e-17   3.2944326e-18   2.2716889e-15   5.6471375e-21   4.0850434e-17   6.6702855e-13   9.7969265e-01
   6.6666667e-01   7.1156310e-01   1.0530191e+00   3.3879073e+00   1.2437929e-04   2.0301731e-04   1.0492727e-21   6.5843145e-17   9.9552970e-20   1.8769208e+00   2.6751823e-02   1.6305083e+00   4.9000937e-05   9.5653155e-01   9.9552970e-20   7.5632800e-18   1.3741337e-18   5.3927375e-18   5.7796000e-19   4.6010426e-16   8.7055125e-22   7.5632800e-18   1.5485404e-13   7.7400660e-01
   6.7676768e-01   6.5245245e-01   9.9915478e-01   3.0942151e+00   5.2962365e-05   8.8330540e-05   1.5655213e-22   1.2318159e-17   1.6248704e-20   1.8653811e+00   1.5074178e-02   1.7727134e+00   2.0057017e-05   7.5272580e-01   1.6248704e-20   1.3504191e-18   2.3669541e-19   9.5597855e-19   9.7782210e-20   8.9868720e-17   1.2942114e-22   1.3504191e-18   3.4669339e-14   5.8971800e-01
   6.8686869e-01   5.9520798e-01   9.3186348e-01   2.8275100e+00   2.1748611e-05   3.7062405e-05   2.2525504e-23   2.2224188e-18   2.5575736e-21   1.7878624e+00   8.1914115e-03   1.8586558e+00   7.9172290e-06   5.7124080e-01   2.5575736e-21   2.3252619e-19   3.9318376e-20   1.6343006e-19   1.5953898e-20   1.6928003e-17   1.8555000e-23   2.3252619e-19   7.4853735e-15   4.3330030e-01
   6.9696970e-01   5.4022300e-01   8.5225318e-01   2.5803697e+00   8.6127255e-06   1.4996890e-05   3.1256108e-24   3.8667930e-19   3.8822404e-22   1.6525154e+00   4.2926824e-03   1.8793353e+00   3.0138731e-06   4.1806758e-01   3.8822404e-22   3.8611801e-20   6.2986315e-21   2.6943910e-20   2.5102598e-21   3.0750190e-18   2.5654384e-24   3.8611801e-20   1.5585698e-15   3.0702835e-01
   7.0707071e-01   4.8782250e-01   7.6251800e-01   2.3418965e+00   3.2892324e-06   5.8521265e-06   4.1825408e-25   6.4881490e-20   5.6830515e-23   1.4729969e+00   2.1694201e-03   1.8325442e+00   1.1064241e-06   2.9506567e-01   5.6830515e-23   6.1831975e-21   9.7306470e-22   4.2838492e-21   3.8090388e-22   5.3868485e-19   3.4206381e-25   6.1831975e-21   3.1295648e-16   2.0980356e-01
   7.1717172e-01   4.3826322e-01   6.6592203e-01   2.1034675e+00   1.2114163e-06   2.2022726e-06   5.3974715e-26   1.0498702e-20   8.0227945e-24   1.2662021e+00   1.0573127e-03   1.7232550e+00   3.9170864e-07   2.0083331e-01   8.0227945e-24   9.5488505e-22   1.4497133e-22   6.5682945e-22   5.5738725e-23   9.1005290e-20   4.3984287e-26   9.5488505e-22   6.0601940e-17   1.3825860e-01
   7.2727273e-01   3.9173525e-01   5.6651992e-01   1.8621010e+00   4.3026613e-07   7.9923290e-07   6.7171560e-27   1.6383070e-21   1.0922313e-24   1.0496611e+00   4.9694479e-04   1.5627501e+00   1.3373638e-07   1.3182499e-01   1.0922313e-24   1.4221125e-22   2.0828952e-23   9.7121635e-23   7.8658120e-24   1.4826662e-20   5.4542230e-27   1.4221125e-22   1.1317069e-17   8.7865080e-02
   7.3737374e-01   3.4836517e-01   4.6867526e-01   1.6212710e+00   1.4737567e-07   2.7971807e-07   8.0616775e-28   2.4654708e-22   1.4339978e-25   8.3915095e-01   2.2524633e-04   1.3667038e+00   4.4033265e-08   8.3445820e-02   1.4339978e-25   2.0424983e-23   2.8860086e-24   1.3849185e-23   1.0704712e-24   2.3295124e-21   6.5224850e-28   2.0424983e-23   2.0381040e-18   5.3849955e-02
   7.4747475e-01   3.0822030e-01   3.7649825e-01   1.3897209e+00   4.8680980e-08   9.4408825e-08   9.3306150e-29   3.5780741e-23   1.8156296e-26   6.4695780e-01   9.8458270e-05   1.1526679e+00   1.3981608e-08   5.0939695e-02   1.8156296e-26   2.8290092e-24   3.8563168e-25   1.9044841e-24   1.4049190e-25   3.5296494e-22   7.5220840e-29   2.8290092e-24   3.5396767e-19   3.1827265e-02
   7.5757576e-01   2.7131399e-01   2.9334001e-01   1.1788675e+00   1.5507355e-08   3.0729078e-08   1.0414538e-29   5.0077620e-24   2.2169244e-27   4.8101291e-01   4.1504153e-05   9.3751635e-01   4.2813251e-09   2.9988378e-02   2.2169244e-27   3.7787824e-25   4.9692709e-26   2.5256628e-25   1.7781667e-26   5.1575445e-23   8.3658135e-30   3.7787824e-25   5.9285125e-20   1.8140872e-02
   7.6767677e-01   2.3761156e-01   2.2145248e-01   9.9939925e-01   4.7638825e-09   9.6456475e-09   1.1210233e-30   6.7590075e-25   2.6104743e-28   3.4489142e-01   1.6872359e-05   7.3535725e-01   1.2642827e-09   1.7025290e-02   2.6104743e-28   4.8675936e-26   6.1752925e-27   3.2301172e-26   2.1703939e-27   7.2677390e-24   8.9726980e-31   4.8675936e-26   9.5757495e-21   9.9715320e-03
   7.7777778e-01   2.0703673e-01   1.6186703e-01   8.5795790e-01   1.4113322e-09   2.9198337e-09   1.1636817e-31   8.7976580e-26   2.9643730e-29   2.3848053e-01   6.6146210e-06   5.5624080e-01   3.6004360e-10   9.3213960e-03   2.9643730e-29   6.0467445e-27   7.4006065e-28   3.9838785e-27   2.5547567e-28   9.8764420e-25   9.2807450e-32   6.0467445e-27   1.4915736e-21   5.2857975e-03
   7.8787879e-01   1.7947818e-01   1.1448302e-01   7.5502370e-01   4.0322024e-10   8.5237310e-10   1.1649268e-32   1.1043230e-26   3.2463188e-30   1.5902609e-01   2.5008002e-06   4.0576274e-01   9.8880550e-11   4.9216675e-03   3.2463188e-30   7.2439230e-28   8.5530685e-29   4.7384771e-28   2.9000495e-29   1.2943348e-25   9.2573675e-33   7.2439230e-28   2.2405855e-22   2.7021163e-03
   7.9797980e-01   1.5479622e-01   7.8310414e-02   6.8485820e-01   1.1109649e-10   2.3996409e-10   1.1246255e-33   1.3368111e-27   3.4284228e-31   1.0226540e-01   9.1179650e-07   2.8544760e-01   2.6188555e-11   2.5060428e-03   3.4284228e-31   8.3689495e-29   9.5328225e-30   5.4352105e-29   3.1747255e-30   1.6358279e-26   8.9050645e-34   8.3689495e-29   3.2458110e-23   1.3321172e-03
   8.0808081e-01   1.3282918e-01   5.1787784e-02   6.3755290e-01   2.9519106e-11   6.5148985e-11   1.0470373e-34   1.5605902e-28   3.4917447e-32   6.3421125e-02   3.2059869e-07   1.9365357e-01   6.6889370e-12   1.2305792e-03   3.4917447e-32   9.3242290e-30   1.0246273e-30   6.0122755e-30   3.3515974e-31   1.9937629e-27   8.2609790e-35   9.3242290e-30   4.5345046e-24   6.3332370e-04
   8.1818182e-01   1.1339948e-01   3.3100251e-02   6.0231810e-01   7.5639900e-12   1.7057444e-11   9.4007225e-36   1.7569223e-29   3.4295368e-33   3.7930105e-02   1.0871024e-07   1.2669793e-01   1.6475840e-12   5.8274100e-04   3.4295368e-33   1.0018434e-30   1.0620752e-31   6.4136645e-31   3.4122622e-32   2.3434424e-28   7.3904495e-36   1.0018434e-30   6.1091575e-25   2.9037147e-04
   8.2828283e-01   9.6319247e-02   2.0442012e-02   5.7064160e-01   1.8691477e-12   4.3069037e-12   8.1396405e-37   1.9074852e-30   3.2484288e-34   2.1876561e-02   3.5548728e-08   7.9938945e-02   3.9136583e-13   2.6612548e-04   3.2484288e-34   1.0380819e-31   1.0616698e-32   6.5980940e-32   3.3502548e-33   2.6563173e-29   6.3760995e-37   1.0380819e-31   7.9373900e-26   1.2838877e-04
   8.3838384e-01   8.1395338e-02   1.2195960e-02   5.3812785e-01   4.4543175e-13   1.0487241e-12   6.7966375e-38   1.9971683e-31   2.9672636e-35   1.2167994e-02   1.1210438e-08   4.8639848e-02   8.9652655e-14   1.1720395e-04   2.9672636e-35   1.0373093e-32   1.0234546e-33   6.5459950e-33   3.1721825e-34   2.9036917e-30   5.3049855e-38   1.0373093e-32   9.9453255e-27   5.4745070e-05
   8.4848485e-01   6.8433763e-02   7.0280516e-03   5.0452955e-01   1.0236786e-13   2.4626473e-13   5.4730305e-39   2.0165688e-32   2.6138688e-36   6.5268520e-03   3.4093057e-09   2.8541113e-02   1.9805613e-14   4.9778627e-05   2.6138688e-36   9.9960820e-34   9.5146450e-35   6.2629320e-34   2.8965658e-35   3.0610186e-31   4.2565548e-39   9.9960820e-34   1.2017252e-27   2.2511678e-05
   8.5858586e-01   5.7243443e-02   3.9112748e-03   4.7229656e-01   2.2687725e-14   5.5768390e-14   4.2501724e-40   1.9636149e-33   2.2205285e-37   3.3762410e-03   9.9989460e-10   1.6150816e-02   4.2194739e-15   2.0388651e-05   2.2205285e-37   9.2895840e-35   8.5302445e-36   5.7786265e-35   2.5506655e-36   3.1119048e-32   3.2936477e-40   9.2895840e-35   1.4003488e-28   8.9272075e-06
   8.6868687e-01   4.7639315e-02   2.1019037e-03   4.4447191e-01   4.8491227e-15   1.2179202e-14   3.1829521e-41   1.8439303e-34   1.8191722e-38   1.6842556e-03   2.8280521e-10   8.8137950e-03   8.6690840e-16   8.0533935e-06   1.8191722e-38   8.3254480e-36   7.3752250e-37   5.1418155e-36   2.1660501e-37   3.0509251e-33   2.4577684e-41   8.3254480e-36   1.5736647e-29   3.4140374e-06
   8.7878788e-01   3.9444796e-02   1.0906158e-03   4.2280877e-01   9.9949425e-16   2.5650421e-15   2.2987860e-42   1.6698504e-35   1.4372626e-39   8.1026575e-04   7.7137485e-11   4.6384865e-03   1.7176435e-16   3.0677098e-06   1.4372626e-39   7.1955475e-37   6.1494170e-38   4.4121797e-37   1.7738970e-38   2.8845739e-34   1.7686815e-42   7.1955475e-37   1.7054266e-30   1.2591163e-06
   8.8888889e-01   3.2493639e-02   5.4632879e-04   4.0669186e-01   1.9867458e-16   5.2097280e-16   1.6010758e-43   1.4583290e-36   1.0950738e-40   3.7591689e-04   2.0290298e-11   2.3541523e-03   3.2819935e-17   1.1269237e-06   1.0950738e-40   5.9974270e-38   4.9446724e-39   3.6511932e-38   1.4009841e-39   2.6301269e-35   1.2274483e-43   5.9974270e-38   1.7823737e-31   4.4782492e-07
   8.9898990e-01   2.6631243e-02   2.6419385e-04   3.9307925e-01   3.8084583e-17   1.0204236e-16   1.0754002e-44   1.2282262e-37   8.0462865e-42   1.6819035e-04   5.1470250e-12   1.1522260e-03   6.0476590e-18   3.9922676e-07   8.0462865e-42   4.8207099e-39   3.8342990e-40   2.9138106e-39   1.0670453e-40   2.3126857e-36   8.2148890e-45   4.8207099e-39   1.7964263e-32   1.5360155e-07
   9.0909091e-01   2.1715456e-02   1.2332303e-04   3.7738488e-01   7.0404595e-18   1.9274841e-17   6.9658360e-46   9.9757620e-39   5.7015445e-43   7.2569685e-05   1.2591255e-12   5.4385825e-04   1.0746865e-18   1.3639224e-07   5.7015445e-43   3.7368177e-40   2.8673410e-41   2.2425014e-40   7.8374985e-42   1.9611075e-37   5.3020655e-46   3.7368177e-40   1.7460831e-33   5.0807500e-08
   9.1919192e-01   1.7616957e-02   5.5563289e-05   3.5499406e-01   1.2551560e-18   3.5111229e-18   4.3513225e-47   7.8137355e-40   3.8961389e-44   3.0196337e-05   2.9704800e-13   2.4755896e-04   1.8417096e-19   4.4937052e-08   3.8961389e-44   2.7934294e-41   2.0678431e-42   1.6643667e-41   5.5515840e-43   1.6037294e-38   3.3001473e-47   2.7934294e-41   1.6366859e-34   1.6207085e-08
   9.2929293e-01   1.4219270e-02   2.4161611e-05   3.2290412e-01   2.1579395e-19   6.1680255e-19   2.6212846e-48   5.9022315e-41   2.5675637e-45   1.2117086e-05   6.7581710e-14   1.0867170e-04   3.0437251e-20   1.4277901e-08   2.5675637e-45   2.0138096e-42   1.4381385e-43   1.1912700e-42   3.7922878e-44   1.2647529e-39   1.9809180e-48   2.0138096e-42   1.4794852e-35   4.9857090e-09
   9.3939394e-01   1.1418475e-02   1.0139862e-05   2.8087670e-01   3.5778796e-20   1.0449395e-19   1.5228320e-49   4.2995068e-42   1.6317474e-46   4.6890731e-06   1.4827795e-14   4.6004380e-05   4.8510369e-21   4.3749096e-09   1.6317474e-46   1.4000515e-43   9.6455890e-45   8.2227345e-44   2.4982191e-45   9.6188945e-41   1.1466861e-49   1.4000515e-43   1.2897360e-36   1.4790874e-09
   9.4949495e-01   9.1227000e-03   4.1065991e-06   2.3161637e-01   5.7208045e-21   1.7071868e-20   8.5316820e-51   3.0204103e-43   1.0000679e-47   1.7499302e-06   3.1373927e-15   1.8781350e-05   7.4560470e-22   1.2927623e-09   1.0000679e-47   9.3867330e-45   6.2388085e-46   5.4735265e-45   1.5871014e-46   7.0548785e-42   6.4012895e-51   9.3867330e-45   1.0842662e-37   4.2316097e-10
   9.5959596e-01   7.2514206e-03   1.6049236e-06   1.7988519e-01   8.8213150e-22   2.6897742e-21   4.6095895e-52   2.0462474e-44   5.9108640e-49   6.2979515e-07   6.4018585e-16   7.3943375e-06   1.1051661e-22   3.6839451e-10   5.9108640e-49   6.0691775e-46   3.8915219e-47   3.5136871e-46   9.7235245e-48   4.9899800e-43   3.4461588e-52   6.0691775e-46   8.7905470e-39   1.1675145e-10
   9.6969697e-01   5.7346543e-03   6.0523971e-07   1.3094801e-01   1.3117603e-22   4.0869141e-22   2.4017883e-53   1.3368886e-45   3.3691268e-50   2.1858624e-07   1.2597610e-16   2.8074800e-06   1.5797610e-23   1.0124009e-10   3.3691268e-50   3.7843395e-47   2.3408963e-48   2.1752232e-47   5.7449685e-49   3.4037131e-44   1.7891552e-53   3.7843395e-47   6.8729115e-40   3.1064463e-11
   9.7979798e-01   4.5120699e-03   2.2023284e-07   8.9030050e-02   1.8811374e-23   5.9885280e-23   1.2068466e-54   8.4232015e-47   1.8519472e-51   7.3162950e-08   2.3906454e-17   1.0279664e-06   2.1777104e-24   2.6830995e-11   1.8519472e-51   2.2755965e-48   1.3579688e-49   1.2986421e-48   3.2733802e-50   2.2389892e-45   8.9578880e-55   2.2755965e-48   5.1821565e-41   7.9709540e-12
   9.8989899e-01   3.5320663e-03   7.7321517e-08   5.6384865e-02   2.6015457e-24   8.4623220e-24   5.8480940e-56   5.1180445e-48   9.8171350e-53   2.3615899e-08   4.3750904e-18   3.6298286e-07   2.8950344e-25   6.8575020e-12   9.8171350e-53   1.3196091e-49   7.5970025e-51   7.4768730e-50   1.7986645e-51   1.4203519e-46   4.3252193e-56   1.3196091e-49   3.7681240e-42   1.9724303e-12
   1.0000000e+00   2.7508461e-03   2.6191809e-08   3.3198030e-02   3.4696628e-25   1.1531980e-24   2.7328859e-57   2.9989956e-49   5.0186375e-54   7.3512745e-09   7.7215375e-19   1.2360561e-07   3.7115238e-26   1.6902074e-12   5.0186375e-54   7.3797260e-51   4.0986388e-52   4.1514082e-51   9.5312260e-53   8.6892995e-48   2.0139817e-57   7.3797260e-51   2.6423158e-43   4.7069319e-13
