   3.1622777e+00   9.4962953e-02   2.8446502e-01   7.3096681e-01   4.4276208e-01   3.0306982e-01   0.0000000e+00   0.0000000e+00
   1.0000000e+01   8.5663210e-02   1.6057990e-01   3.7713380e-01   2.3440855e-01   1.9453916e-01   0.0000000e+00   0.0000000e+00
   3.1622777e+01   7.0686548e-02   9.2038764e-02   1.9616442e-01   1.2618956e-01   1.2780425e-01   0.0000000e+00   0.0000000e+00
   1.0000000e+02   5.1518696e-02   5.4979115e-02   1.0502971e-01   7.0954542e-02   8.4378185e-02   0.0000000e+00   0.0000000e+00
   3.1622777e+02   3.1971797e-02   3.2217043e-02   5.4419200e-02   3.9545857e-02   5.3697244e-02   0.0000000e+00   0.0000000e+00
   1.0000000e+03   1.7189488e-02   1.8119782e-02   2.5938204e-02   2.2074460e-02   3.3502646e-02   0.0000000e+00   0.0000000e+00
   3.1622777e+03   8.3893262e-03   9.9258880e-03   1.2473255e-02   1.2124223e-02   1.9897927e-02   0.0000000e+00   0.0000000e+00
   1.0000000e+04   3.9247648e-03   5.5946740e-03   6.3562009e-03   6.8146679e-03   1.2006237e-02   0.0000000e+00   0.0000000e+00
   3.1622777e+04   1.7687994e-03   3.1890887e-03   3.4241466e-03   3.7831287e-03   7.3563497e-03   0.0000000e+00   0.0000000e+00
   1.0000000e+05   7.7511321e-04   1.8287460e-03   1.7806564e-03   2.0623726e-03   4.5696071e-03   0.0000000e+00   0.0000000e+00
   3.1622777e+05   3.6366192e-04   1.0756136e-03   9.6293406e-04   1.1408354e-03   2.9461662e-03   0.0000000e+00   0.0000000e+00
   1.0000000e+06   2.0522473e-04   6.6671638e-04   3.7896500e-04   6.8660910e-04   2.0036278e-03   0.0000000e+00   0.0000000e+00
   3.1622777e+06   1.4744533e-04   4.4217804e-04   1.9647541e-04   4.5201140e-04   1.4127727e-03   0.0000000e+00   0.0000000e+00
   1.0000000e+07   1.2540701e-04   3.1662620e-04   1.3913156e-04   3.2346947e-04   1.0257258e-03   0.0000000e+00   0.0000000e+00
   3.1622777e+07   1.1691526e-04   2.4352076e-04   1.2057046e-04   2.4858457e-04   7.6265899e-04   0.0000000e+00   0.0000000e+00
   1.0000000e+08   0.0000000e+00   0.0000000e+00   0.0000000e+00   0.0000000e+00   0.0000000e+00   0.0000000e+00   0.0000000e+00
