   3.1622777e+00   7.0811602e-01   9.2743529e-01   9.1592911e-01   1.8424514e+00   1.1012271e+00   7.6825113e-01   2.1643929e-01   3.3020667e-01   3.1730341e-01   4.9430062e-01   3.9144775e-01   2.2954961e-01
   1.0000000e+01   4.2137371e-01   4.6232336e-01   4.6986508e-01   8.2401068e-01   5.6782349e-01   5.2465648e-01   1.2118468e-01   1.3526958e-01   1.2633267e-01   1.7808859e-01   1.5406957e-01   1.1781604e-01
   3.1622777e+01   2.2770071e-01   2.3504765e-01   2.4057051e-01   4.1451869e-01   2.9326903e-01   3.5979373e-01   4.7250123e-02   5.2543226e-02   5.3817464e-02   1.4212316e-01   6.2225014e-02   6.0853483e-02
   1.0000000e+02   1.3644986e-01   1.5055723e-01   1.3699063e-01   2.2371276e-01   1.8923581e-01   2.9317080e-01   3.5808396e-02   4.0603961e-02   3.5876225e-02   5.7506997e-02   4.5342506e-02   4.2074035e-02
   3.1622777e+02   5.8071718e-02   7.0305808e-02   5.9634418e-02   1.0700750e-01   9.2940560e-02   1.9055291e-01   8.2412044e-03   1.2720068e-02   8.6370008e-03   1.6677437e-02   1.4903370e-02   2.3027862e-02
   1.0000000e+03   2.8299452e-02   3.8191743e-02   3.0404077e-02   6.0202856e-02   5.1469641e-02   1.3008133e-01   4.1340587e-03   6.8658032e-03   4.3140017e-03   8.5423411e-03   7.4584477e-03   1.3564543e-02
   3.1622777e+03   1.2854299e-02   2.1026511e-02   1.4786531e-02   2.8322495e-02   2.8776833e-02   8.8915058e-02   2.2287813e-03   3.6736945e-03   2.3154436e-03   2.6747660e-03   3.9849582e-03   6.4246312e-03
   1.0000000e+04   5.2995841e-03   1.0560840e-02   7.0994551e-03   1.4609433e-02   1.4791044e-02   5.8078088e-02   8.0925081e-04   1.5749644e-03   9.0498648e-04   1.3311227e-03   1.7727095e-03   3.6268220e-03
   3.1622777e+04   2.2662599e-03   5.6292641e-03   3.5799509e-03   7.7524865e-03   7.8858783e-03   3.7860656e-02   3.3250107e-04   7.8466354e-04   3.5726897e-04   4.2568962e-04   8.9002033e-04   1.9957436e-03
   1.0000000e+05   9.0736291e-04   2.9660231e-03   1.8212330e-03   4.0621271e-03   4.0219246e-03   2.4388522e-02   1.1900210e-04   3.4750762e-04   1.4622513e-04   2.0869503e-04   4.0744523e-04   1.1482387e-03
   3.1622777e+05   3.5660922e-04   1.4660312e-03   9.3819270e-04   2.0491824e-03   1.8709072e-03   1.5243944e-02   3.0159361e-05   1.0091066e-04   6.0294751e-05   1.1171148e-04   1.1904710e-04   3.7473579e-04
   1.0000000e+06   1.3439259e-04   7.4941954e-04   4.5691760e-04   9.5466929e-04   9.1923062e-04   9.9093101e-03   1.6263502e-05   5.5589753e-05   2.4572008e-05   3.8752635e-05   6.4097056e-05   2.1312965e-04
   3.1622777e+06   5.3507232e-05   3.4965321e-04   2.1304538e-04   3.0692188e-04   4.2988565e-04   6.2971456e-03   5.2449601e-06   2.0382210e-05   8.1374927e-06   1.1704510e-05   2.4198579e-05   9.4546854e-05
   1.0000000e+07   2.1402268e-05   1.6328627e-04   8.6219024e-05   9.9551569e-05   2.0588661e-04   4.0290696e-03   2.1420399e-06   1.1269072e-05   4.2728899e-06   4.8455977e-06   1.3338649e-05   5.7828663e-05
