   3.1622777e+00   7.6362182e-02   1.0568084e-01   2.3746473e-01   1.4587159e-01   8.5356769e-02   0.0000000e+00   0.0000000e+00
   1.0000000e+01   4.0831254e-02   4.5819697e-02   1.0137213e-01   6.7820450e-02   5.2231734e-02   0.0000000e+00   0.0000000e+00
   3.1622777e+01   2.6121428e-02   2.6972482e-02   5.8564584e-02   3.6626112e-02   3.8879773e-02   0.0000000e+00   0.0000000e+00
   1.0000000e+02   1.8671838e-02   1.9641099e-02   4.0370089e-02   2.5042755e-02   3.0338866e-02   0.0000000e+00   0.0000000e+00
   3.1622777e+02   8.8067778e-03   9.5296227e-03   1.6651480e-02   1.2151428e-02   2.0047204e-02   0.0000000e+00   0.0000000e+00
   1.0000000e+03   4.9036528e-03   5.5719019e-03   8.9364926e-03   6.9541368e-03   1.4097949e-02   0.0000000e+00   0.0000000e+00
   3.1622777e+03   2.3662106e-03   2.8526540e-03   4.1856441e-03   3.6628413e-03   9.2114505e-03   0.0000000e+00   0.0000000e+00
   1.0000000e+04   1.0769764e-03   1.5383244e-03   2.1281054e-03   1.9603870e-03   6.2266575e-03   0.0000000e+00   0.0000000e+00
   3.1622777e+04   4.8228566e-04   7.8184165e-04   1.0755770e-03   9.8874048e-04   3.9206617e-03   0.0000000e+00   0.0000000e+00
   1.0000000e+05   2.0710980e-04   4.3322587e-04   5.6923298e-04   5.1347101e-04   2.5779845e-03   0.0000000e+00   0.0000000e+00
   3.1622777e+05   8.0160305e-05   2.1898281e-04   2.7892176e-04   2.4274483e-04   1.6636793e-03   0.0000000e+00   0.0000000e+00
   1.0000000e+06   2.9712377e-05   1.0275450e-04   8.4975545e-05   1.0929065e-04   1.0506054e-03   0.0000000e+00   0.0000000e+00
   3.1622777e+06   1.1101652e-05   4.7700366e-05   2.7344991e-05   5.0220914e-05   6.7328000e-04   0.0000000e+00   0.0000000e+00
   1.0000000e+07   4.1053561e-06   2.2200598e-05   8.7459215e-06   2.3440680e-05   4.2957193e-04   0.0000000e+00   0.0000000e+00
