   3.1622777e+00   6.8864626e-01   9.6862018e-01   2.3456609e+00   1.3880434e+00   7.8067898e-01   0.0000000e+00   0.0000000e+00   2.0317574e-01   3.3336578e-01   6.2019588e-01   4.2408472e-01   2.3652723e-01   0.0000000e+00   0.0000000e+00
   1.0000000e+01   4.3979355e-01   4.9738076e-01   1.1108281e+00   6.9771155e-01   5.3317394e-01   0.0000000e+00   0.0000000e+00   1.0832160e-01   1.2796895e-01   2.4828525e-01   1.6323780e-01   1.2062189e-01   0.0000000e+00   0.0000000e+00
   3.1622777e+01   2.6902790e-01   2.8441893e-01   6.5822520e-01   3.9369370e-01   3.9494486e-01   0.0000000e+00   0.0000000e+00   5.3106444e-02   5.7873728e-02   1.2429996e-01   7.2578402e-02   6.6266438e-02   0.0000000e+00   0.0000000e+00
   1.0000000e+02   1.6821490e-01   1.7779495e-01   3.6651782e-01   2.3318178e-01   2.9321766e-01   0.0000000e+00   0.0000000e+00   2.8683042e-02   3.2434687e-02   6.0998342e-02   3.7389323e-02   3.9866507e-02   0.0000000e+00   0.0000000e+00
   3.1622777e+02   9.2422552e-02   1.0011135e-01   1.7747992e-01   1.2710846e-01   2.0512186e-01   0.0000000e+00   0.0000000e+00   1.7891400e-02   2.1887313e-02   2.5876766e-02   2.3885952e-02   2.9285725e-02   0.0000000e+00   0.0000000e+00
   1.0000000e+03   4.8786262e-02   5.4132342e-02   8.9856978e-02   6.8067291e-02   1.3781681e-01   0.0000000e+00   0.0000000e+00   8.0961225e-03   9.8783984e-03   1.2278647e-02   1.0638113e-02   1.5146199e-02   0.0000000e+00   0.0000000e+00
   3.1622777e+03   2.3386311e-02   2.9027832e-02   4.1099542e-02   3.6916660e-02   9.4108625e-02   0.0000000e+00   0.0000000e+00   2.9171996e-03   4.6285278e-03   4.3402661e-03   4.7209821e-03   8.1329803e-03   0.0000000e+00   0.0000000e+00
   1.0000000e+04   1.0684090e-02   1.4776169e-02   2.1316277e-02   1.9088152e-02   6.0524339e-02   0.0000000e+00   0.0000000e+00   1.1028999e-03   1.9521234e-03   1.8818404e-03   2.0864727e-03   3.9703916e-03   0.0000000e+00   0.0000000e+00
   3.1622777e+04   4.6705496e-03   7.8177680e-03   1.0505823e-02   9.8716228e-03   3.9442389e-02   0.0000000e+00   0.0000000e+00   4.7887927e-04   8.3787616e-04   7.7963387e-04   8.6696061e-04   1.9152452e-03   0.0000000e+00   0.0000000e+00
   1.0000000e+05   1.9252897e-03   4.0733509e-03   5.6275603e-03   4.8831537e-03   2.5523831e-02   0.0000000e+00   0.0000000e+00   1.3240987e-04   3.2490737e-04   3.3780014e-04   3.3339104e-04   8.1744818e-04   0.0000000e+00   0.0000000e+00
   3.1622777e+05   7.5868870e-04   2.0499772e-03   2.7614287e-03   2.2858617e-03   1.6241479e-02   0.0000000e+00   0.0000000e+00   6.0007943e-05   1.4185160e-04   1.1984104e-04   1.4448295e-04   4.4691807e-04   0.0000000e+00   0.0000000e+00
   1.0000000e+06   2.9116350e-04   1.0042037e-03   8.5914054e-04   1.0701947e-03   1.0439091e-02   0.0000000e+00   0.0000000e+00   1.7705556e-05   6.4244985e-05   4.0554342e-05   6.5411693e-05   1.9790359e-04   0.0000000e+00   0.0000000e+00
   3.1622777e+06   1.0894433e-04   4.7528635e-04   2.7258332e-04   5.0039148e-04   6.7037138e-03   0.0000000e+00   0.0000000e+00   6.7491709e-06   2.8166040e-05   1.2488494e-05   2.8739412e-05   9.8453349e-05   0.0000000e+00   0.0000000e+00
   1.0000000e+07   4.0941804e-05   2.2300335e-04   8.6828076e-05   2.3543908e-04   4.2981245e-03   0.0000000e+00   0.0000000e+00   2.3525731e-06   1.1252825e-05   4.2906994e-06   1.1586030e-05   4.3638947e-05   0.0000000e+00   0.0000000e+00
   3.1622777e+07   1.4736414e-05   1.0679535e-04   2.7239309e-05   1.1368321e-04   2.7571738e-03   0.0000000e+00   0.0000000e+00   9.3833151e-07   5.3176052e-06   1.2905946e-06   5.4910654e-06   2.3056470e-05   0.0000000e+00   0.0000000e+00
