   3.1622777e+00   6.6402868e-01   0.0000000e+00   3.3998614e+00
   3.7214061e+00   6.3566933e-01   0.0000000e+00   3.0978271e+00
   4.3793952e+00   6.0680943e-01   0.0000000e+00   2.8226246e+00
   5.1537247e+00   5.7765581e-01   0.0000000e+00   2.5718705e+00
   6.0649648e+00   5.4841417e-01   0.0000000e+00   2.3433926e+00
   7.1373230e+00   5.1928405e-01   0.0000000e+00   2.1352120e+00
   8.3992871e+00   4.9045426e-01   0.0000000e+00   1.9455257e+00
   9.8843814e+00   4.6209913e-01   0.0000000e+00   1.7726905e+00
   1.1632058e+01   4.3437550e-01   0.0000000e+00   1.6152096e+00
   1.3688745e+01   4.0742052e-01   0.0000000e+00   1.4717188e+00
   1.6109079e+01   3.8135035e-01   0.0000000e+00   1.3409754e+00
   1.8957357e+01   3.5625965e-01   0.0000000e+00   1.2218468e+00
   2.2309244e+01   3.3222185e-01   0.0000000e+00   1.1133013e+00
   2.6253785e+01   3.0929003e-01   0.0000000e+00   1.0143987e+00
   3.0895768e+01   2.8749844e-01   0.0000000e+00   9.2428232e-01
   3.6358509e+01   2.6686424e-01   0.0000000e+00   8.4217162e-01
   4.2787128e+01   2.4738954e-01   0.0000000e+00   7.6735542e-01
   5.0352403e+01   2.2906351e-01   0.0000000e+00   6.9918568e-01
   5.9255310e+01   2.1186437e-01   0.0000000e+00   6.3707195e-01
   6.9732357e+01   1.9576140e-01   0.0000000e+00   5.8047623e-01
   8.2061871e+01   1.8071667e-01   0.0000000e+00   5.2890832e-01
   9.6571391e+01   1.6668671e-01   0.0000000e+00   4.8192157e-01
   1.1364637e+02   1.5362395e-01   0.0000000e+00   4.3910898e-01
   1.3374040e+02   1.4147813e-01   0.0000000e+00   4.0009975e-01
   1.5738730e+02   1.3019744e-01   0.0000000e+00   3.6455599e-01
   1.8521526e+02   1.1972964e-01   0.0000000e+00   3.3216984e-01
   2.1796353e+02   1.1002296e-01   0.0000000e+00   3.0266079e-01
   2.5650209e+02   1.0102694e-01   0.0000000e+00   2.7577324e-01
   3.0185473e+02   9.2693022e-02   0.0000000e+00   2.5127430e-01
   3.5522625e+02   8.4975075e-02   0.0000000e+00   2.2895179e-01
   4.1803450e+02   7.7829693e-02   0.0000000e+00   2.0861234e-01
   4.9194799e+02   7.1216392e-02   0.0000000e+00   1.9007980e-01
   5.7893028e+02   6.5097654e-02   0.0000000e+00   1.7319363e-01
   6.8129207e+02   5.9438886e-02   0.0000000e+00   1.5780759e-01
   8.0175265e+02   5.4208279e-02   0.0000000e+00   1.4378840e-01
   9.4351210e+02   4.9376623e-02   0.0000000e+00   1.3101463e-01
   1.1103363e+03   4.4917073e-02   0.0000000e+00   1.1937565e-01
   1.3066571e+03   4.0804906e-02   0.0000000e+00   1.0877065e-01
   1.5376896e+03   3.7017267e-02   0.0000000e+00   9.9107763e-02
   1.8095715e+03   3.3532935e-02   0.0000000e+00   9.0303303e-02
   2.1295254e+03   3.0332095e-02   0.0000000e+00   8.2281006e-02
   2.5060510e+03   2.7396149e-02   0.0000000e+00   7.4971388e-02
   2.9491507e+03   2.4707550e-02   0.0000000e+00   6.8311137e-02
   3.4705958e+03   2.2249671e-02   0.0000000e+00   6.2242564e-02
   4.0842387e+03   2.0006703e-02   0.0000000e+00   5.6713106e-02
   4.8063809e+03   1.7963583e-02   0.0000000e+00   5.1674870e-02
   5.6562064e+03   1.6105942e-02   0.0000000e+00   4.7084217e-02
   6.6562914e+03   1.4420077e-02   0.0000000e+00   4.2901385e-02
   7.8332032e+03   1.2892935e-02   0.0000000e+00   3.9090144e-02
   9.2182072e+03   1.1512103e-02   0.0000000e+00   3.5617483e-02
   1.0848096e+04   1.0265810e-02   0.0000000e+00   3.2453324e-02
   1.2766169e+04   9.1429267e-03   0.0000000e+00   2.9570260e-02
   1.5023381e+04   8.1329668e-03   0.0000000e+00   2.6943320e-02
   1.7679694e+04   7.2260832e-03   0.0000000e+00   2.4549750e-02
   2.0805675e+04   6.4130640e-03   0.0000000e+00   2.2368818e-02
   2.4484367e+04   5.6853230e-03   0.0000000e+00   2.0381634e-02
   2.8813496e+04   5.0348858e-03   0.0000000e+00   1.8570985e-02
   3.3908067e+04   4.4543732e-03   0.0000000e+00   1.6921190e-02
   3.9903418e+04   3.9369791e-03   0.0000000e+00   1.5417958e-02
   4.6958820e+04   3.4764475e-03   0.0000000e+00   1.4048269e-02
   5.5261700e+04   3.0670452e-03   0.0000000e+00   1.2800260e-02
   6.5032629e+04   2.7035346e-03   0.0000000e+00   1.1663120e-02
   7.6531175e+04   2.3811436e-03   0.0000000e+00   1.0627001e-02
   9.0062802e+04   2.0955361e-03   0.0000000e+00   9.6829272e-03
   1.0598698e+05   1.8427822e-03   0.0000000e+00   8.8227226e-03
   1.2472675e+05   1.6193286e-03   0.0000000e+00   8.0389362e-03
   1.4677993e+05   1.4219694e-03   0.0000000e+00   7.3247793e-03
   1.7273237e+05   1.2478184e-03   0.0000000e+00   6.6740661e-03
   2.0327352e+05   1.0942825e-03   0.0000000e+00   6.0811605e-03
   2.3921471e+05   9.5903619e-04   0.0000000e+00   5.5409269e-03
   2.8151073e+05   8.3999751e-04   0.0000000e+00   5.0486862e-03
   3.3128519e+05   7.3530580e-04   0.0000000e+00   4.6001749e-03
   3.8986037e+05   6.4330072e-04   0.0000000e+00   4.1915080e-03
   4.5879234e+05   5.6250289e-04   0.0000000e+00   3.8191460e-03
   5.3991231e+05   4.9159604e-04   0.0000000e+00   3.4798636e-03
   6.3537526e+05   4.2941053e-04   0.0000000e+00   3.1707221e-03
   7.4771720e+05   3.7490839e-04   0.0000000e+00   2.8890439e-03
   8.7992254e+05   3.2716954e-04   0.0000000e+00   2.6323892e-03
   1.0355034e+06   2.8537937e-04   0.0000000e+00   2.3985350e-03
   1.2185927e+06   2.4881739e-04   0.0000000e+00   2.1854558e-03
   1.4340545e+06   2.1684702e-04   0.0000000e+00   1.9913059e-03
   1.6876125e+06   1.8890639e-04   0.0000000e+00   1.8144038e-03
   1.9860025e+06   1.6449999e-04   0.0000000e+00   1.6532171e-03
   2.3371515e+06   1.4319126e-04   0.0000000e+00   1.5063499e-03
   2.7503878e+06   1.2459587e-04   0.0000000e+00   1.3725299e-03
   3.2366893e+06   1.0837575e-04   0.0000000e+00   1.2505981e-03
   3.8089746e+06   9.4233791e-05   0.0000000e+00   1.1394984e-03
   4.4824469e+06   8.1909010e-05   0.0000000e+00   1.0382685e-03
   5.2749971e+06   7.1172371e-05   0.0000000e+00   9.4603163e-04
   6.2076796e+06   6.1822991e-05   0.0000000e+00   8.6198878e-04
   7.3052715e+06   5.3684795e-05   0.0000000e+00   7.8541208e-04
   8.5969309e+06   4.6603553e-05   0.0000000e+00   7.1563823e-04
   1.0116971e+07   4.0444247e-05   0.0000000e+00   6.5206290e-04
   1.1905772e+07   3.5088748e-05   0.0000000e+00   5.9413543e-04
   1.4010855e+07   3.0433762e-05   0.0000000e+00   5.4135408e-04
   1.6488142e+07   2.6389014e-05   0.0000000e+00   4.9326167e-04
   1.9403442e+07   2.2875647e-05   0.0000000e+00   4.4944167e-04
   2.2834203e+07   1.9824814e-05   0.0000000e+00   4.0951451e-04
   2.6871563e+07   1.7176436e-05   0.0000000e+00   3.7313437e-04
   3.1622777e+07   1.4878109e-05   0.0000000e+00   3.3998614e-04
