   3.1622777e+00   6.4329253e-01   0.0000000e+00   2.4419002e+00
   3.6783798e+00   6.1537852e-01   0.0000000e+00   2.2398032e+00
   4.2787128e+00   5.8703017e-01   0.0000000e+00   2.0544323e+00
   4.9770236e+00   5.5842840e-01   0.0000000e+00   1.8844030e+00
   5.7893028e+00   5.2975352e-01   0.0000000e+00   1.7284458e+00
   6.7341507e+00   5.0118127e-01   0.0000000e+00   1.5853958e+00
   7.8332032e+00   4.7287920e-01   0.0000000e+00   1.4541851e+00
   9.1116276e+00   4.4500376e-01   0.0000000e+00   1.3338336e+00
   1.0598698e+01   4.1769784e-01   0.0000000e+00   1.2234426e+00
   1.2328467e+01   3.9108904e-01   0.0000000e+00   1.1221879e+00
   1.4340545e+01   3.6528856e-01   0.0000000e+00   1.0293132e+00
   1.6681005e+01   3.4039051e-01   0.0000000e+00   9.4412499e-01
   1.9403442e+01   3.1647190e-01   0.0000000e+00   8.6598716e-01
   2.2570197e+01   2.9359293e-01   0.0000000e+00   7.9431619e-01
   2.6253785e+01   2.7179770e-01   0.0000000e+00   7.2857687e-01
   3.0538555e+01   2.5111524e-01   0.0000000e+00   6.6827827e-01
   3.5522625e+01   2.3156069e-01   0.0000000e+00   6.1297012e-01
   4.1320124e+01   2.1313670e-01   0.0000000e+00   5.6223939e-01
   4.8063809e+01   1.9583491e-01   0.0000000e+00   5.1570724e-01
   5.5908102e+01   1.7963739e-01   0.0000000e+00   4.7302620e-01
   6.5032629e+01   1.6451817e-01   0.0000000e+00   4.3387753e-01
   7.5646333e+01   1.5044458e-01   0.0000000e+00   3.9796888e-01
   8.7992254e+01   1.3737860e-01   0.0000000e+00   3.6503212e-01
   1.0235310e+02   1.2527802e-01   0.0000000e+00   3.3482127e-01
   1.1905772e+02   1.1409759e-01   0.0000000e+00   3.0711074e-01
   1.3848864e+02   1.0378992e-01   0.0000000e+00   2.8169359e-01
   1.6109079e+02   9.4306403e-02   0.0000000e+00   2.5838002e-01
   1.8738174e+02   8.5597931e-02   0.0000000e+00   2.3699593e-01
   2.1796353e+02   7.7615565e-02   0.0000000e+00   2.1738164e-01
   2.5353645e+02   7.0311080e-02   0.0000000e+00   1.9939066e-01
   2.9491507e+02   6.3637415e-02   0.0000000e+00   1.8288866e-01
   3.4304693e+02   5.7549038e-02   0.0000000e+00   1.6775240e-01
   3.9903418e+02   5.2002225e-02   0.0000000e+00   1.5386885e-01
   4.6415888e+02   4.6955259e-02   0.0000000e+00   1.4113433e-01
   5.3991231e+02   4.2368568e-02   0.0000000e+00   1.2945375e-01
   6.2802914e+02   3.8204806e-02   0.0000000e+00   1.1873988e-01
   7.3052715e+02   3.4428879e-02   0.0000000e+00   1.0891271e-01
   8.4975344e+02   3.1007948e-02   0.0000000e+00   9.9898856e-02
   9.8843814e+02   2.7911392e-02   0.0000000e+00   9.1631011e-02
   1.1497570e+03   2.5110756e-02   0.0000000e+00   8.4047431e-02
   1.3374040e+03   2.2579680e-02   0.0000000e+00   7.7091484e-02
   1.5556761e+03   2.0293818e-02   0.0000000e+00   7.0711226e-02
   1.8095715e+03   1.8230746e-02   0.0000000e+00   6.4859012e-02
   2.1049041e+03   1.6369862e-02   0.0000000e+00   5.9491140e-02
   2.4484367e+03   1.4692283e-02   0.0000000e+00   5.4567525e-02
   2.8480359e+03   1.3180741e-02   0.0000000e+00   5.0051398e-02
   3.3128519e+03   1.1819470e-02   0.0000000e+00   4.5909037e-02
   3.8535286e+03   1.0594107e-02   0.0000000e+00   4.2109505e-02
   4.4824469e+03   9.4915773e-03   0.0000000e+00   3.8624432e-02
   5.2140083e+03   8.5000008e-03   0.0000000e+00   3.5427790e-02
   6.0649648e+03   7.6085920e-03   0.0000000e+00   3.2495710e-02
   7.0548023e+03   6.8075690e-03   0.0000000e+00   2.9806295e-02
   8.2061871e+03   6.0880677e-03   0.0000000e+00   2.7339461e-02
   9.5454846e+03   5.4420623e-03   0.0000000e+00   2.5076788e-02
   1.1103363e+04   4.8622907e-03   0.0000000e+00   2.3001379e-02
   1.2915497e+04   4.3421857e-03   0.0000000e+00   2.1097735e-02
   1.5023381e+04   3.8758118e-03   0.0000000e+00   1.9351641e-02
   1.7475284e+04   3.4578068e-03   0.0000000e+00   1.7750058e-02
   2.0327352e+04   3.0833280e-03   0.0000000e+00   1.6281024e-02
   2.3644894e+04   2.7480034e-03   0.0000000e+00   1.4933572e-02
   2.7503878e+04   2.4478867e-03   0.0000000e+00   1.3697637e-02
   3.1992671e+04   2.1794169e-03   0.0000000e+00   1.2563991e-02
   3.7214061e+04   1.9393814e-03   0.0000000e+00   1.1524168e-02
   4.3287613e+04   1.7248822e-03   0.0000000e+00   1.0570403e-02
   5.0352403e+04   1.5333063e-03   0.0000000e+00   9.6955735e-03
   5.8570208e+04   1.3622978e-03   0.0000000e+00   8.8931469e-03
   6.8129207e+04   1.2097336e-03   0.0000000e+00   8.1571308e-03
   7.9248290e+04   1.0737009e-03   0.0000000e+00   7.4820291e-03
   9.2182072e+04   9.5247716e-04   0.0000000e+00   6.8628002e-03
   1.0722672e+05   8.4451174e-04   0.0000000e+00   6.2948200e-03
   1.2472675e+05   7.4840940e-04   0.0000000e+00   5.7738471e-03
   1.4508288e+05   6.6291539e-04   0.0000000e+00   5.2959910e-03
   1.6876125e+05   5.8690183e-04   0.0000000e+00   4.8576834e-03
   1.9630407e+05   5.1935553e-04   0.0000000e+00   4.4556510e-03
   2.2834203e+05   4.5936683e-04   0.0000000e+00   4.0868917e-03
   2.6560878e+05   4.0611955e-04   0.0000000e+00   3.7486517e-03
   3.0895768e+05   3.5888186e-04   0.0000000e+00   3.4384052e-03
   3.5938137e+05   3.1699798e-04   0.0000000e+00   3.1538353e-03
   4.1803450e+05   2.7988074e-04   0.0000000e+00   2.8928171e-03
   4.8626016e+05   2.4700469e-04   0.0000000e+00   2.6534013e-03
   5.6562064e+05   2.1790003e-04   0.0000000e+00   2.4338001e-03
   6.5793322e+05   1.9214695e-04   0.0000000e+00   2.2323735e-03
   7.6531175e+05   1.6937058e-04   0.0000000e+00   2.0476175e-03
   8.9021509e+05   1.4923646e-04   0.0000000e+00   1.8781522e-03
   1.0355034e+06   1.3144633e-04   0.0000000e+00   1.7227123e-03
   1.2045035e+06   1.1573446e-04   0.0000000e+00   1.5801369e-03
   1.4010855e+06   1.0186419e-04   0.0000000e+00   1.4493614e-03
   1.6297508e+06   8.9624963e-05   0.0000000e+00   1.3294091e-03
   1.8957357e+06   7.8829516e-05   0.0000000e+00   1.2193843e-03
   2.2051307e+06   6.9311436e-05   0.0000000e+00   1.1184654e-03
   2.5650209e+06   6.0922927e-05   0.0000000e+00   1.0258988e-03
   2.9836472e+06   5.3532808e-05   0.0000000e+00   9.4099321e-04
   3.4705958e+06   4.7024712e-05   0.0000000e+00   8.6311458e-04
   4.0370173e+06   4.1295478e-05   0.0000000e+00   7.9168135e-04
   4.6958820e+06   3.6253701e-05   0.0000000e+00   7.2616009e-04
   5.4622772e+06   3.1818441e-05   0.0000000e+00   6.6606151e-04
   6.3537526e+06   2.7918058e-05   0.0000000e+00   6.1093682e-04
   7.3907220e+06   2.4489182e-05   0.0000000e+00   5.6037437e-04
   8.5969309e+06   2.1475783e-05   0.0000000e+00   5.1399658e-04
   1.0000000e+07   1.8828348e-05   0.0000000e+00   4.7145711e-04
