   3.1622777e+00   9.4549870e-02   0.0000000e+00   1.0604454e+00
   3.7649358e+00   9.3686297e-02   0.0000000e+00   9.5983872e-01
   4.4824469e+00   9.2703264e-02   0.0000000e+00   8.6877681e-01
   5.3366992e+00   9.1589707e-02   0.0000000e+00   7.8635414e-01
   6.3537526e+00   9.0334940e-02   0.0000000e+00   7.1175108e-01
   7.5646333e+00   8.8929053e-02   0.0000000e+00   6.4422577e-01
   9.0062802e+00   8.7363353e-02   0.0000000e+00   5.8310672e-01
   1.0722672e+01   8.5630842e-02   0.0000000e+00   5.2778617e-01
   1.2766169e+01   8.3726692e-02   0.0000000e+00   4.7771399e-01
   1.5199111e+01   8.1648699e-02   0.0000000e+00   4.3239227e-01
   1.8095715e+01   7.9397686e-02   0.0000000e+00   3.9137031e-01
   2.1544347e+01   7.6977811e-02   0.0000000e+00   3.5424019e-01
   2.5650209e+01   7.4396757e-02   0.0000000e+00   3.2063268e-01
   3.0538555e+01   7.1665778e-02   0.0000000e+00   2.9021359e-01
   3.6358509e+01   6.8799579e-02   0.0000000e+00   2.6268042e-01
   4.3287613e+01   6.5816041e-02   0.0000000e+00   2.3775938e-01
   5.1537247e+01   6.2735777e-02   0.0000000e+00   2.1520265e-01
   6.1359073e+01   5.9581571e-02   0.0000000e+00   1.9478592e-01
   7.3052715e+01   5.6377709e-02   0.0000000e+00   1.7630618e-01
   8.6974900e+01   5.3149256e-02   0.0000000e+00   1.5957964e-01
   1.0355034e+02   4.9921325e-02   0.0000000e+00   1.4443999e-01
   1.2328467e+02   4.6718374e-02   0.0000000e+00   1.3073666e-01
   1.4677993e+02   4.3563565e-02   0.0000000e+00   1.1833340e-01
   1.7475284e+02   4.0478226e-02   0.0000000e+00   1.0710687e-01
   2.0805675e+02   3.7481425e-02   0.0000000e+00   9.6945414e-02
   2.4770764e+02   3.4589668e-02   0.0000000e+00   8.7748000e-02
   2.9491507e+02   3.1816720e-02   0.0000000e+00   7.9423164e-02
   3.5111917e+02   2.9173544e-02   0.0000000e+00   7.1888122e-02
   4.1803450e+02   2.6668336e-02   0.0000000e+00   6.5067946e-02
   4.9770236e+02   2.4306653e-02   0.0000000e+00   5.8894814e-02
   5.9255310e+02   2.2091602e-02   0.0000000e+00   5.3307340e-02
   7.0548023e+02   2.0024074e-02   0.0000000e+00   4.8249961e-02
   8.3992871e+02   1.8103014e-02   0.0000000e+00   4.3672386e-02
   1.0000000e+03   1.6325701e-02   0.0000000e+00   3.9529096e-02
   1.1905772e+03   1.4688026e-02   0.0000000e+00   3.5778888e-02
   1.4174742e+03   1.3184769e-02   0.0000000e+00   3.2384470e-02
   1.6876125e+03   1.1809850e-02   0.0000000e+00   2.9312088e-02
   2.0092330e+03   1.0556565e-02   0.0000000e+00   2.6531189e-02
   2.3921471e+03   9.4177928e-03   0.0000000e+00   2.4014119e-02
   2.8480359e+03   8.3861753e-03   0.0000000e+00   2.1735850e-02
   3.3908067e+03   7.4542722e-03   0.0000000e+00   1.9673724e-02
   4.0370173e+03   6.6146891e-03   0.0000000e+00   1.7807237e-02
   4.8063809e+03   5.8601814e-03   0.0000000e+00   1.6117827e-02
   5.7223677e+03   5.1837364e-03   0.0000000e+00   1.4588695e-02
   6.8129207e+03   4.5786352e-03   0.0000000e+00   1.3204635e-02
   8.1113083e+03   4.0384979e-03   0.0000000e+00   1.1951884e-02
   9.6571391e+03   3.5573136e-03   0.0000000e+00   1.0817984e-02
   1.1497570e+04   3.1294583e-03   0.0000000e+00   9.7916588e-03
   1.3688745e+04   2.7497024e-03   0.0000000e+00   8.8627037e-03
   1.6297508e+04   2.4132100e-03   0.0000000e+00   8.0218805e-03
   1.9403442e+04   2.1155314e-03   0.0000000e+00   7.2608279e-03
   2.3101297e+04   1.8525911e-03   0.0000000e+00   6.5719780e-03
   2.7503878e+04   1.6206712e-03   0.0000000e+00   5.9484807e-03
   3.2745492e+04   1.4163937e-03   0.0000000e+00   5.3841359e-03
   3.8986037e+04   1.2366993e-03   0.0000000e+00   4.8733317e-03
   4.6415888e+04   1.0788264e-03   0.0000000e+00   4.4109885e-03
   5.5261700e+04   9.4028975e-04   0.0000000e+00   3.9925088e-03
   6.5793322e+04   8.1885852e-04   0.0000000e+00   3.6137312e-03
   7.8332032e+04   7.1253562e-04   0.0000000e+00   3.2708889e-03
   9.3260335e+04   6.1953731e-04   0.0000000e+00   2.9605729e-03
   1.1103363e+05   5.3827400e-04   0.0000000e+00   2.6796971e-03
   1.3219411e+05   4.6733195e-04   0.0000000e+00   2.4254687e-03
   1.5738730e+05   4.0545633e-04   0.0000000e+00   2.1953594e-03
   1.8738174e+05   3.5153532e-04   0.0000000e+00   1.9870810e-03
   2.2309244e+05   3.0458554e-04   0.0000000e+00   1.7985625e-03
   2.6560878e+05   2.6373856e-04   0.0000000e+00   1.6279291e-03
   3.1622777e+05   2.2822865e-04   0.0000000e+00   1.4734841e-03
   3.7649358e+05   1.9738159e-04   0.0000000e+00   1.3336916e-03
   4.4824469e+05   1.7060455e-04   0.0000000e+00   1.2071615e-03
   5.3366992e+05   1.4737689e-04   0.0000000e+00   1.0926355e-03
   6.3537526e+05   1.2724193e-04   0.0000000e+00   9.8897492e-04
   7.5646333e+05   1.0979954e-04   0.0000000e+00   8.9514880e-04
   9.0062802e+05   9.4699485e-05   0.0000000e+00   8.1022416e-04
   1.0722672e+06   8.1635534e-05   0.0000000e+00   7.3335650e-04
   1.2766169e+06   7.0340152e-05   0.0000000e+00   6.6378144e-04
   1.5199111e+06   6.0579825e-05   0.0000000e+00   6.0080711e-04
   1.8095715e+06   5.2150899e-05   0.0000000e+00   5.4380728e-04
   2.1544347e+06   4.4875905e-05   0.0000000e+00   4.9221515e-04
   2.5650209e+06   3.8600318e-05   0.0000000e+00   4.4551767e-04
   3.0538555e+06   3.3189693e-05   0.0000000e+00   4.0325048e-04
   3.6358509e+06   2.8527156e-05   0.0000000e+00   3.6499326e-04
   4.3287613e+06   2.4511188e-05   0.0000000e+00   3.3036559e-04
   5.1537247e+06   2.1053685e-05   0.0000000e+00   2.9902311e-04
   6.1359073e+06   1.8078251e-05   0.0000000e+00   2.7065417e-04
   7.3052715e+06   1.5518697e-05   0.0000000e+00   2.4497664e-04
   8.6974900e+06   1.3317723e-05   0.0000000e+00   2.2173519e-04
   1.0355034e+07   1.1425768e-05   0.0000000e+00   2.0069871e-04
   1.2328467e+07   9.7999914e-06   0.0000000e+00   1.8165801e-04
   1.4677993e+07   8.4033904e-06   0.0000000e+00   1.6442373e-04
   1.7475284e+07   7.2040244e-06   0.0000000e+00   1.4882451e-04
   2.0805675e+07   6.1743385e-06   0.0000000e+00   1.3470522e-04
   2.4770764e+07   5.2905745e-06   0.0000000e+00   1.2192545e-04
   2.9491507e+07   4.5322581e-06   0.0000000e+00   1.1035813e-04
   3.5111917e+07   3.8817529e-06   0.0000000e+00   9.9888222e-05
   4.1803450e+07   3.3238732e-06   0.0000000e+00   9.0411617e-05
   4.9770236e+07   2.8455492e-06   0.0000000e+00   8.1834078e-05
   5.9255310e+07   2.4355354e-06   0.0000000e+00   7.4070308e-05
   7.0548023e+07   2.0841600e-06   0.0000000e+00   6.7043103e-05
   8.3992871e+07   1.7831067e-06   0.0000000e+00   6.0682584e-05
   1.0000000e+08   1.5252277e-06   0.0000000e+00   5.4925500e-05
