   3.1622777e+00   6.6402868e-02   0.0000000e+00   3.3998614e-01
   3.6783798e+00   6.3771403e-02   0.0000000e+00   3.1184815e-01
   4.2787128e+00   6.1095510e-02   0.0000000e+00   2.8603892e-01
   4.9770236e+00   5.8391737e-02   0.0000000e+00   2.6236572e-01
   5.7893028e+00   5.5676611e-02   0.0000000e+00   2.4065177e-01
   6.7341507e+00   5.2966272e-02   0.0000000e+00   2.2073491e-01
   7.8332032e+00   5.0276156e-02   0.0000000e+00   2.0246641e-01
   9.1116276e+00   4.7620712e-02   0.0000000e+00   1.8570985e-01
   1.0598698e+01   4.5013178e-02   0.0000000e+00   1.7034010e-01
   1.2328467e+01   4.2465399e-02   0.0000000e+00   1.5624239e-01
   1.4340545e+01   3.9987707e-02   0.0000000e+00   1.4331143e-01
   1.6681005e+01   3.7588850e-02   0.0000000e+00   1.3145067e-01
   1.9403442e+01   3.5275977e-02   0.0000000e+00   1.2057153e-01
   2.2570197e+01   3.3054667e-02   0.0000000e+00   1.1059277e-01
   2.6253785e+01   3.0929003e-02   0.0000000e+00   1.0143987e-01
   3.0538555e+01   2.8901671e-02   0.0000000e+00   9.3044487e-02
   3.5522625e+01   2.6974089e-02   0.0000000e+00   8.5343925e-02
   4.1320124e+01   2.5146544e-02   0.0000000e+00   7.8280677e-02
   4.8063809e+01   2.3418339e-02   0.0000000e+00   7.1801999e-02
   5.5908102e+01   2.1787932e-02   0.0000000e+00   6.5859510e-02
   6.5032629e+01   2.0253074e-02   0.0000000e+00   6.0408835e-02
   7.5646333e+01   1.8810936e-02   0.0000000e+00   5.5409269e-02
   8.7992254e+01   1.7458227e-02   0.0000000e+00   5.0823478e-02
   1.0235310e+02   1.6191297e-02   0.0000000e+00   4.6617217e-02
   1.1905772e+02   1.5006240e-02   0.0000000e+00   4.2759076e-02
   1.3848864e+02   1.3898979e-02   0.0000000e+00   3.9220242e-02
   1.6109079e+02   1.2865349e-02   0.0000000e+00   3.5974290e-02
   1.8738174e+02   1.1901167e-02   0.0000000e+00   3.2996980e-02
   2.1796353e+02   1.1002296e-02   0.0000000e+00   3.0266079e-02
   2.5353645e+02   1.0164699e-02   0.0000000e+00   2.7761193e-02
   2.9491507e+02   9.3844821e-03   0.0000000e+00   2.5463616e-02
   3.4304693e+02   8.6579284e-03   0.0000000e+00   2.3356193e-02
   3.9903418e+02   7.9815222e-03   0.0000000e+00   2.1423184e-02
   4.6415888e+02   7.3519626e-03   0.0000000e+00   1.9650155e-02
   5.3991231e+02   6.7661696e-03   0.0000000e+00   1.8023865e-02
   6.2802914e+02   6.2212825e-03   0.0000000e+00   1.6532171e-02
   7.3052715e+02   5.7146530e-03   0.0000000e+00   1.5163933e-02
   8.4975344e+02   5.2438332e-03   0.0000000e+00   1.3908933e-02
   9.8843814e+02   4.8065615e-03   0.0000000e+00   1.2757800e-02
   1.1497570e+03   4.4007456e-03   0.0000000e+00   1.1701937e-02
   1.3374040e+03   4.0244457e-03   0.0000000e+00   1.0733459e-02
   1.5556761e+03   3.6758570e-03   0.0000000e+00   9.8451349e-03
   1.8095715e+03   3.3532935e-03   0.0000000e+00   9.0303303e-03
   2.1049041e+03   3.0551727e-03   0.0000000e+00   8.2829606e-03
   2.4484367e+03   2.7800027e-03   0.0000000e+00   7.5974449e-03
   2.8480359e+03   2.5263702e-03   0.0000000e+00   6.9686640e-03
   3.3128519e+03   2.2929315e-03   0.0000000e+00   6.3919223e-03
   3.8535286e+03   2.0784054e-03   0.0000000e+00   5.8629130e-03
   4.4824469e+03   1.8815672e-03   0.0000000e+00   5.3776856e-03
   5.2140083e+03   1.7012450e-03   0.0000000e+00   4.9326167e-03
   6.0649648e+03   1.5363171e-03   0.0000000e+00   4.5243827e-03
   7.0548023e+03   1.3857107e-03   0.0000000e+00   4.1499350e-03
   8.2061871e+03   1.2484009e-03   0.0000000e+00   3.8064774e-03
   9.5454846e+03   1.1234103e-03   0.0000000e+00   3.4914451e-03
   1.1103363e+04   1.0098094e-03   0.0000000e+00   3.2024856e-03
   1.2915497e+04   9.0671621e-04   0.0000000e+00   2.9374410e-03
   1.5023381e+04   8.1329668e-04   0.0000000e+00   2.6943320e-03
   1.7475284e+04   7.2876423e-04   0.0000000e+00   2.4713433e-03
   2.0327352e+04   6.5237950e-04   0.0000000e+00   2.2668096e-03
   2.3644894e+04   5.8344972e-04   0.0000000e+00   2.0792035e-03
   2.7503878e+04   5.2132781e-04   0.0000000e+00   1.9071241e-03
   3.1992671e+04   4.6541119e-04   0.0000000e+00   1.7492864e-03
   3.7214061e+04   4.1514042e-04   0.0000000e+00   1.6045117e-03
   4.3287613e+04   3.6999757e-04   0.0000000e+00   1.4717188e-03
   5.0352403e+04   3.2950451e-04   0.0000000e+00   1.3499162e-03
   5.8570208e+04   2.9322093e-04   0.0000000e+00   1.2381942e-03
   6.8129207e+04   2.6074245e-04   0.0000000e+00   1.1357186e-03
   7.9248290e+04   2.3169853e-04   0.0000000e+00   1.0417241e-03
   9.2182072e+04   2.0575038e-04   0.0000000e+00   9.5550873e-04
   1.0722672e+05   1.8258895e-04   0.0000000e+00   8.7642876e-04
   1.2472675e+05   1.6193286e-04   0.0000000e+00   8.0389362e-04
   1.4508288e+05   1.4352643e-04   0.0000000e+00   7.3736165e-04
   1.6876125e+05   1.2713775e-04   0.0000000e+00   6.7633601e-04
   1.9630407e+05   1.1255680e-04   0.0000000e+00   6.2036098e-04
   2.2834203e+05   9.9593744e-05   0.0000000e+00   5.6901856e-04
   2.6560878e+05   8.8077220e-05   0.0000000e+00   5.2192536e-04
   3.0895768e+05   7.7852775e-05   0.0000000e+00   4.7872969e-04
   3.5938137e+05   6.8781391e-05   0.0000000e+00   4.3910898e-04
   4.1803450e+05   6.0738106e-05   0.0000000e+00   4.0276737e-04
   4.8626016e+05   5.3610729e-05   0.0000000e+00   3.6943348e-04
   5.6562064e+05   4.7298655e-05   0.0000000e+00   3.3885836e-04
   6.5793322e+05   4.1711774e-05   0.0000000e+00   3.1081371e-04
   7.6531175e+05   3.6769456e-05   0.0000000e+00   2.8509010e-04
   8.9021509e+05   3.2399630e-05   0.0000000e+00   2.6149543e-04
   1.0355034e+06   2.8537937e-05   0.0000000e+00   2.3985350e-04
   1.2045035e+06   2.5126959e-05   0.0000000e+00   2.2000271e-04
   1.4010855e+06   2.2115515e-05   0.0000000e+00   2.0179481e-04
   1.6297508e+06   1.9458020e-05   0.0000000e+00   1.8509383e-04
   1.8957357e+06   1.7113910e-05   0.0000000e+00   1.6977507e-04
   2.2051307e+06   1.5047113e-05   0.0000000e+00   1.5572411e-04
   2.5650209e+06   1.3225575e-05   0.0000000e+00   1.4283605e-04
   2.9836472e+06   1.1620837e-05   0.0000000e+00   1.3101463e-04
   3.4705958e+06   1.0207644e-05   0.0000000e+00   1.2017158e-04
   4.0370173e+06   8.9636014e-06   0.0000000e+00   1.1022592e-04
   4.6958820e+06   7.8688626e-06   0.0000000e+00   1.0110338e-04
   5.4622772e+06   6.9058504e-06   0.0000000e+00   9.2735848e-05
   6.3537526e+06   6.0590058e-06   0.0000000e+00   8.5060829e-05
   7.3907220e+06   5.3145643e-06   0.0000000e+00   7.8021011e-05
   8.5969309e+06   4.6603553e-06   0.0000000e+00   7.1563823e-05
   1.0000000e+07   4.0856231e-06   0.0000000e+00   6.5641046e-05
