   3.1622777e+00   1.0000000e+00   2.9955368e+00   7.6973893e+00   4.6624717e+00   3.1914532e+00   0.0000000e+00   0.0000000e+00
   1.0000000e+01   1.0000000e+00   1.8745491e+00   4.4025177e+00   2.7363969e+00   2.2709767e+00   0.0000000e+00   0.0000000e+00
   3.1622777e+01   1.0000000e+00   1.3020690e+00   2.7751309e+00   1.7851991e+00   1.8080420e+00   0.0000000e+00   0.0000000e+00
   1.0000000e+02   1.0000000e+00   1.0671682e+00   2.0386718e+00   1.3772581e+00   1.6378168e+00   0.0000000e+00   0.0000000e+00
   3.1622777e+02   1.0000000e+00   1.0076707e+00   1.7021001e+00   1.2368982e+00   1.6795191e+00   0.0000000e+00   0.0000000e+00
   1.0000000e+03   1.0000000e+00   1.0541200e+00   1.5089574e+00   1.2841837e+00   1.9490195e+00   0.0000000e+00   0.0000000e+00
   3.1622777e+03   1.0000000e+00   1.1831567e+00   1.4868006e+00   1.4451963e+00   2.3718147e+00   0.0000000e+00   0.0000000e+00
   1.0000000e+04   1.0000000e+00   1.4254801e+00   1.6195113e+00   1.7363252e+00   3.0590971e+00   0.0000000e+00   0.0000000e+00
   3.1622777e+04   1.0000000e+00   1.8029680e+00   1.9358592e+00   2.1388116e+00   4.1589508e+00   0.0000000e+00   0.0000000e+00
   1.0000000e+05   1.0000000e+00   2.3593276e+00   2.2972856e+00   2.6607372e+00   5.8954061e+00   0.0000000e+00   0.0000000e+00
   3.1622777e+05   1.0000000e+00   2.9577296e+00   2.6478826e+00   3.1370769e+00   8.1013878e+00   0.0000000e+00   0.0000000e+00
   1.0000000e+06   1.0000000e+00   3.2487136e+00   1.8465854e+00   3.3456449e+00   9.7630913e+00   0.0000000e+00   0.0000000e+00
   3.1622777e+06   1.0000000e+00   2.9989286e+00   1.3325305e+00   3.0656202e+00   9.5816712e+00   0.0000000e+00   0.0000000e+00
   1.0000000e+07   1.0000000e+00   2.5247887e+00   1.1094400e+00   2.5793572e+00   8.1791745e+00   0.0000000e+00   0.0000000e+00
   3.1622777e+07   1.0000000e+00   2.0828825e+00   1.0312636e+00   2.1261943e+00   6.5231773e+00   0.0000000e+00   0.0000000e+00
   1.0000000e+08             NaN             NaN             NaN             NaN             NaN             NaN             NaN
