   3.1622777e+00   1.0000000e+00   1.4065569e+00   3.4061914e+00   2.0156116e+00   1.1336429e+00   0.0000000e+00   0.0000000e+00
   1.0000000e+01   1.0000000e+00   1.1309414e+00   2.5257943e+00   1.5864524e+00   1.2123278e+00   0.0000000e+00   0.0000000e+00
   3.1622777e+01   1.0000000e+00   1.0572098e+00   2.4466801e+00   1.4633936e+00   1.4680443e+00   0.0000000e+00   0.0000000e+00
   1.0000000e+02   1.0000000e+00   1.0569513e+00   2.1788666e+00   1.3862136e+00   1.7431135e+00   0.0000000e+00   0.0000000e+00
   3.1622777e+02   1.0000000e+00   1.0831917e+00   1.9203097e+00   1.3752970e+00   2.2193919e+00   0.0000000e+00   0.0000000e+00
   1.0000000e+03   1.0000000e+00   1.1095817e+00   1.8418500e+00   1.3952143e+00   2.8249102e+00   0.0000000e+00   0.0000000e+00
   3.1622777e+03   1.0000000e+00   1.2412318e+00   1.7574188e+00   1.5785585e+00   4.0240902e+00   0.0000000e+00   0.0000000e+00
   1.0000000e+04   1.0000000e+00   1.3830068e+00   1.9951420e+00   1.7865959e+00   5.6649035e+00   0.0000000e+00   0.0000000e+00
   3.1622777e+04   1.0000000e+00   1.6738432e+00   2.2493761e+00   2.1135891e+00   8.4449138e+00   0.0000000e+00   0.0000000e+00
   1.0000000e+05   1.0000000e+00   2.1157080e+00   2.9229680e+00   2.5363215e+00   1.3257138e+01   0.0000000e+00   0.0000000e+00
   3.1622777e+05   1.0000000e+00   2.7020005e+00   3.6397389e+00   3.0129112e+00   2.1407303e+01   0.0000000e+00   0.0000000e+00
   1.0000000e+06   1.0000000e+00   3.4489340e+00   2.9507151e+00   3.6755798e+00   3.5853019e+01   0.0000000e+00   0.0000000e+00
   3.1622777e+06   1.0000000e+00   4.3626536e+00   2.5020424e+00   4.5930935e+00   6.1533391e+01   0.0000000e+00   0.0000000e+00
   1.0000000e+07   1.0000000e+00   5.4468375e+00   2.1207682e+00   5.7505792e+00   1.0498132e+02   0.0000000e+00   0.0000000e+00
   3.1622777e+07   1.0000000e+00   7.2470377e+00   1.8484353e+00   7.7144416e+00   1.8709937e+02   0.0000000e+00   0.0000000e+00
