   3.1622777e+00   1.0000000e+00   1.3839421e+00   3.1097164e+00   1.9102596e+00   1.1177885e+00   0.0000000e+00   0.0000000e+00
   1.0000000e+01   1.0000000e+00   1.1221722e+00   2.4827093e+00   1.6609936e+00   1.2792097e+00   0.0000000e+00   0.0000000e+00
   3.1622777e+01   1.0000000e+00   1.0325807e+00   2.2420131e+00   1.4021481e+00   1.4884245e+00   0.0000000e+00   0.0000000e+00
   1.0000000e+02   1.0000000e+00   1.0519103e+00   2.1620843e+00   1.3412046e+00   1.6248462e+00   0.0000000e+00   0.0000000e+00
   3.1622777e+02   1.0000000e+00   1.0820783e+00   1.8907574e+00   1.3797814e+00   2.2763382e+00   0.0000000e+00   0.0000000e+00
   1.0000000e+03   1.0000000e+00   1.1362758e+00   1.8224154e+00   1.4181544e+00   2.8749891e+00   0.0000000e+00   0.0000000e+00
   3.1622777e+03   1.0000000e+00   1.2055791e+00   1.7689229e+00   1.5479777e+00   3.8929124e+00   0.0000000e+00   0.0000000e+00
   1.0000000e+04   1.0000000e+00   1.4283734e+00   1.9760000e+00   1.8202692e+00   5.7816100e+00   0.0000000e+00   0.0000000e+00
   3.1622777e+04   1.0000000e+00   1.6211174e+00   2.2301658e+00   2.0501138e+00   8.1293352e+00   0.0000000e+00   0.0000000e+00
   1.0000000e+05   1.0000000e+00   2.0917691e+00   2.7484599e+00   2.4792213e+00   1.2447429e+01   0.0000000e+00   0.0000000e+00
   3.1622777e+05   1.0000000e+00   2.7318111e+00   3.4795497e+00   3.0282423e+00   2.0754403e+01   0.0000000e+00   0.0000000e+00
   1.0000000e+06   1.0000000e+00   3.4583063e+00   2.8599377e+00   3.6782872e+00   3.5359185e+01   0.0000000e+00   0.0000000e+00
   3.1622777e+06   1.0000000e+00   4.2966908e+00   2.4631461e+00   4.5237335e+00   6.0646830e+01   0.0000000e+00   0.0000000e+00
   1.0000000e+07   1.0000000e+00   5.4077157e+00   2.1303686e+00   5.7097799e+00   1.0463695e+02   0.0000000e+00   0.0000000e+00
