   4.1400000e-01   0.0000000e+00
   5.6600000e-01   0.0000000e+00
   4.2800000e-01   0.0000000e+00
   2.0800000e-01   0.0000000e+00
   1.6200000e-01   0.0000000e+00
   2.3800000e-01   0.0000000e+00
   3.0500000e-01   0.0000000e+00
   2.3300000e-01   0.0000000e+00
   2.1700000e-01   0.0000000e+00
   4.0100000e-01   0.0000000e+00
   1.8100000e-01   0.0000000e+00
   6.0800000e-01   0.0000000e+00
   5.0800000e-01   0.0000000e+00
   8.7700000e-01   0.0000000e+00
   4.5000000e-01   0.0000000e+00
   5.2400000e-01   0.0000000e+00
   2.3500000e-01   0.0000000e+00
   4.7900000e-01   0.0000000e+00
   1.6100000e-01   0.0000000e+00
   1.9400000e-01   0.0000000e+00
   4.3800000e-01   0.0000000e+00
   2.0200000e-01   0.0000000e+00
   1.9000000e-01   0.0000000e+00
   5.5800000e-01   0.0000000e+00
   1.5200000e-01   0.0000000e+00
   5.9600000e-01   0.0000000e+00
   5.0600000e-01   0.0000000e+00
   2.1800000e-01   0.0000000e+00
   2.2200000e-01   0.0000000e+00
   2.0200000e-01   0.0000000e+00
   2.1900000e-01   0.0000000e+00
   1.3000000e-01   0.0000000e+00
   4.1200000e-01   0.0000000e+00
   2.1200000e-01   0.0000000e+00
   4.4700000e-01   0.0000000e+00
   2.3500000e-01   0.0000000e+00
   2.4000000e-01   0.0000000e+00
   1.3500000e-01   0.0000000e+00
   3.6000000e-01   0.0000000e+00
   2.7500000e-01   0.0000000e+00
   1.8100000e-01   0.0000000e+00
   3.7200000e-01   0.0000000e+00
   1.8800000e-01   0.0000000e+00
   6.3500000e-01   0.0000000e+00
   5.5300000e-01   0.0000000e+00
   2.7300000e-01   0.0000000e+00
   2.0200000e-01   0.0000000e+00
   7.2700000e-01   0.0000000e+00
   4.0200000e-01   0.0000000e+00
   1.4700000e-01   0.0000000e+00
   1.1000000e-01   0.0000000e+00
   6.9600000e-01   0.0000000e+00
   6.8700000e-01   0.0000000e+00
   1.9800000e-01   0.0000000e+00
   2.0800000e-01   0.0000000e+00
   4.8400000e-01   0.0000000e+00
   2.2300000e-01   0.0000000e+00
   5.4300000e-01   0.0000000e+00
   5.3700000e-01   0.0000000e+00
   3.1700000e-01   0.0000000e+00
   3.4800000e-01   0.0000000e+00
   4.9700000e-01   0.0000000e+00
   1.8000000e-01   0.0000000e+00
   5.1800000e-01   0.0000000e+00
   5.2200000e-01   0.0000000e+00
   4.7800000e-01   0.0000000e+00
   1.8700000e-01   0.0000000e+00
   2.4300000e-01   0.0000000e+00
   2.4400000e-01   0.0000000e+00
   3.9200000e-01   0.0000000e+00
   2.1100000e-01   0.0000000e+00
   4.2700000e-01   0.0000000e+00
   1.8000000e-01   0.0000000e+00
   6.3600000e-01   0.0000000e+00
   1.2500000e-01   0.0000000e+00
   2.6600000e-01   0.0000000e+00
   4.5300000e-01   0.0000000e+00
   7.2300000e-01   0.0000000e+00
   6.7000000e-01   0.0000000e+00
   1.8700000e-01   0.0000000e+00
   2.3800000e-01   0.0000000e+00
   4.3000000e-01   0.0000000e+00
   1.8900000e-01   0.0000000e+00
   2.0000000e-01   0.0000000e+00
   6.2500000e-01   0.0000000e+00
   3.8200000e-01   0.0000000e+00
   7.0300000e-01   0.0000000e+00
   1.8100000e-01   0.0000000e+00
   7.5900000e-01   0.0000000e+00
   2.0400000e-01   0.0000000e+00
   2.9800000e-01   0.0000000e+00
   3.4000000e-01   0.0000000e+00
   1.9900000e-01   0.0000000e+00
   2.3100000e-01   0.0000000e+00
   6.7900000e-01   0.0000000e+00
   4.4100000e-01   0.0000000e+00
   1.9700000e-01   0.0000000e+00
   1.5100000e-01   0.0000000e+00
   5.9900000e-01   0.0000000e+00
   6.2500000e-01   0.0000000e+00
   1.9900000e-01   0.0000000e+00
   5.0300000e-01   0.0000000e+00
   2.1000000e-01   0.0000000e+00
   1.8400000e-01   0.0000000e+00
   1.9800000e-01   0.0000000e+00
   4.3200000e-01   0.0000000e+00
   1.7300000e-01   0.0000000e+00
   4.4200000e-01   0.0000000e+00
   5.8100000e-01   0.0000000e+00
   1.8700000e-01   0.0000000e+00
   1.9300000e-01   0.0000000e+00
   4.5000000e-01   0.0000000e+00
   1.8700000e-01   0.0000000e+00
   1.3500000e-01   0.0000000e+00
   1.8600000e-01   0.0000000e+00
   4.8700000e-01   0.0000000e+00
   5.7800000e-01   0.0000000e+00
   5.3700000e-01   0.0000000e+00
   1.4600000e-01   0.0000000e+00
   2.5300000e-01   0.0000000e+00
   2.0700000e-01   0.0000000e+00
   2.2200000e-01   0.0000000e+00
   9.1300000e-01   0.0000000e+00
   1.9000000e-01   0.0000000e+00
   4.4100000e-01   0.0000000e+00
   1.8400000e-01   0.0000000e+00
   5.6700000e-01   0.0000000e+00
   2.3400000e-01   0.0000000e+00
   4.6000000e-01   0.0000000e+00
   6.4300000e-01   0.0000000e+00
   2.3700000e-01   0.0000000e+00
   6.2600000e-01   0.0000000e+00
   3.2300000e-01   0.0000000e+00
   1.6500000e-01   0.0000000e+00
   1.8100000e-01   0.0000000e+00
   4.2200000e-01   0.0000000e+00
   1.5400000e-01   0.0000000e+00
   6.2800000e-01   0.0000000e+00
   1.9400000e-01   0.0000000e+00
   5.3700000e-01   0.0000000e+00
   1.7800000e-01   0.0000000e+00
   2.8800000e-01   0.0000000e+00
   8.1400000e-01   0.0000000e+00
   5.1600000e-01   0.0000000e+00
   2.9400000e-01   0.0000000e+00
   4.6700000e-01   0.0000000e+00
   3.2400000e-01   0.0000000e+00
   3.1400000e-01   0.0000000e+00
   1.9200000e-01   0.0000000e+00
   2.0800000e-01   0.0000000e+00
   5.0700000e-01   0.0000000e+00
   2.0700000e-01   0.0000000e+00
   2.4300000e-01   0.0000000e+00
   5.7100000e-01   0.0000000e+00
   3.9000000e-01   0.0000000e+00
   2.1000000e-01   0.0000000e+00
   2.5100000e-01   0.0000000e+00
   1.7400000e-01   0.0000000e+00
   3.4900000e-01   0.0000000e+00
   2.5700000e-01   0.0000000e+00
   1.6100000e-01   0.0000000e+00
   3.3400000e-01   0.0000000e+00
   2.2900000e-01   0.0000000e+00
   6.2900000e-01   0.0000000e+00
   3.1400000e-01   0.0000000e+00
   2.6300000e-01   0.0000000e+00
   2.2000000e-01   0.0000000e+00
   4.9100000e-01   0.0000000e+00
   1.9300000e-01   0.0000000e+00
   2.2000000e-01   0.0000000e+00
   6.2400000e-01   0.0000000e+00
   1.5400000e-01   0.0000000e+00
   4.6000000e-01   0.0000000e+00
   3.8600000e-01   0.0000000e+00
   3.8700000e-01   0.0000000e+00
   6.8700000e-01   0.0000000e+00
   1.7100000e-01   0.0000000e+00
   1.8800000e-01   0.0000000e+00
   4.1300000e-01   0.0000000e+00
   2.7200000e-01   0.0000000e+00
   1.8000000e-01   0.0000000e+00
   2.9400000e-01   0.0000000e+00
   4.3800000e-01   0.0000000e+00
   1.9700000e-01   0.0000000e+00
   5.2900000e-01   0.0000000e+00
   2.4000000e-01   0.0000000e+00
   2.2500000e-01   0.0000000e+00
   5.2400000e-01   0.0000000e+00
   2.0100000e-01   0.0000000e+00
   7.0900000e-01   0.0000000e+00
   4.3100000e-01   0.0000000e+00
   6.4000000e-01   0.0000000e+00
   2.1700000e-01   0.0000000e+00
   2.1400000e-01   0.0000000e+00
   3.8000000e-01   0.0000000e+00
   2.1200000e-01   0.0000000e+00
   1.9000000e-01   0.0000000e+00
   1.9000000e-01   0.0000000e+00
   2.6200000e-01   0.0000000e+00
   2.4600000e-01   0.0000000e+00
   4.0600000e-01   0.0000000e+00
   1.6400000e-01   0.0000000e+00
   1.8900000e-01   0.0000000e+00
   7.1400000e-01   0.0000000e+00
   5.3700000e-01   0.0000000e+00
   1.5800000e-01   0.0000000e+00
   2.0200000e-01   0.0000000e+00
   2.3300000e-01   0.0000000e+00
   2.1400000e-01   0.0000000e+00
   1.9400000e-01   0.0000000e+00
   6.1300000e-01   0.0000000e+00
   6.0000000e-01   0.0000000e+00
   6.3300000e-01   0.0000000e+00
   2.1700000e-01   0.0000000e+00
   2.5200000e-01   0.0000000e+00
   2.3700000e-01   0.0000000e+00
   1.2400000e-01   0.0000000e+00
   1.6800000e-01   0.0000000e+00
   3.5200000e-01   0.0000000e+00
   2.4100000e-01   0.0000000e+00
   2.3900000e-01   0.0000000e+00
   2.2100000e-01   0.0000000e+00
   3.9900000e-01   0.0000000e+00
   5.0100000e-01   0.0000000e+00
   4.2300000e-01   0.0000000e+00
   1.8800000e-01   0.0000000e+00
   2.1000000e-01   0.0000000e+00
   2.3600000e-01   0.0000000e+00
   4.3100000e-01   0.0000000e+00
   2.5100000e-01   0.0000000e+00
   1.6200000e-01   0.0000000e+00
   2.3100000e-01   0.0000000e+00
   2.7900000e-01   0.0000000e+00
   4.4800000e-01   0.0000000e+00
   6.8900000e-01   0.0000000e+00
   2.2200000e-01   0.0000000e+00
   3.8200000e-01   0.0000000e+00
   1.9700000e-01   0.0000000e+00
   3.6600000e-01   0.0000000e+00
   5.1300000e-01   0.0000000e+00
   3.0100000e-01   0.0000000e+00
   4.7100000e-01   0.0000000e+00
   5.0900000e-01   0.0000000e+00
   4.7000000e-01   0.0000000e+00
   3.7500000e-01   0.0000000e+00
   4.5300000e-01   0.0000000e+00
   1.7100000e-01   0.0000000e+00
   1.9300000e-01   0.0000000e+00
   6.0600000e-01   0.0000000e+00
   6.2000000e-01   0.0000000e+00
   6.7700000e-01   0.0000000e+00
   2.6700000e-01   0.0000000e+00
   2.1300000e-01   0.0000000e+00
   2.0300000e-01   0.0000000e+00
   1.9500000e-01   0.0000000e+00
   5.4600000e-01   0.0000000e+00
   1.9700000e-01   0.0000000e+00
   3.3100000e-01   0.0000000e+00
   2.1900000e-01   0.0000000e+00
   4.6700000e-01   0.0000000e+00
   2.0800000e-01   0.0000000e+00
   4.0400000e-01   0.0000000e+00
   5.0000000e-01   0.0000000e+00
   1.9200000e-01   0.0000000e+00
   4.5200000e-01   0.0000000e+00
   1.9000000e-01   0.0000000e+00
   2.2300000e-01   0.0000000e+00
   8.4400000e-01   0.0000000e+00
   2.0200000e-01   0.0000000e+00
   5.7900000e-01   0.0000000e+00
   4.7100000e-01   0.0000000e+00
   4.2400000e-01   0.0000000e+00
   2.7300000e-01   0.0000000e+00
   7.4100000e-01   0.0000000e+00
   4.0700000e-01   0.0000000e+00
   1.8800000e-01   0.0000000e+00
   1.7700000e-01   0.0000000e+00
   5.8800000e-01   0.0000000e+00
   1.6900000e-01   0.0000000e+00
   5.0000000e-01   0.0000000e+00
   5.8500000e-01   0.0000000e+00
   7.3600000e-01   0.0000000e+00
   2.2700000e-01   0.0000000e+00
   4.1500000e-01   0.0000000e+00
   1.8600000e-01   0.0000000e+00
   4.5700000e-01   0.0000000e+00
   1.6000000e-01   0.0000000e+00
   4.4100000e-01   0.0000000e+00
   2.1800000e-01   0.0000000e+00
   8.2000000e-01   0.0000000e+00
   2.6300000e-01   0.0000000e+00
   1.8500000e-01   0.0000000e+00
   4.1000000e-01   0.0000000e+00
   2.2600000e-01   0.0000000e+00
   2.9000000e-01   0.0000000e+00
   2.7400000e-01   0.0000000e+00
   1.7400000e-01   0.0000000e+00
   5.1500000e-01   0.0000000e+00
   5.1600000e-01   0.0000000e+00
   2.1700000e-01   0.0000000e+00
   5.5000000e-01   0.0000000e+00
   1.5900000e-01   0.0000000e+00
   5.2600000e-01   0.0000000e+00
   1.4900000e-01   0.0000000e+00
   4.9900000e-01   0.0000000e+00
   2.8200000e-01   0.0000000e+00
   3.1700000e-01   0.0000000e+00
   1.7200000e-01   0.0000000e+00
   5.4500000e-01   0.0000000e+00
   1.9600000e-01   0.0000000e+00
   3.8900000e-01   0.0000000e+00
   2.4000000e-01   0.0000000e+00
   2.0700000e-01   0.0000000e+00
   5.2700000e-01   0.0000000e+00
   2.2500000e-01   0.0000000e+00
   6.1400000e-01   0.0000000e+00
   4.8800000e-01   0.0000000e+00
   2.1100000e-01   0.0000000e+00
   2.4700000e-01   0.0000000e+00
   4.1700000e-01   0.0000000e+00
   5.4300000e-01   0.0000000e+00
   1.7400000e-01   0.0000000e+00
   4.6900000e-01   0.0000000e+00
   1.6400000e-01   0.0000000e+00
   6.1000000e-01   0.0000000e+00
   2.0100000e-01   0.0000000e+00
   5.9400000e-01   0.0000000e+00
   6.8000000e-01   0.0000000e+00
   2.1100000e-01   0.0000000e+00
   1.6000000e-01   0.0000000e+00
   1.6800000e-01   0.0000000e+00
   1.8400000e-01   0.0000000e+00
   1.8100000e-01   0.0000000e+00
   1.8100000e-01   0.0000000e+00
   1.8000000e-01   0.0000000e+00
   1.7000000e-01   0.0000000e+00
   3.8100000e-01   0.0000000e+00
   6.7300000e-01   0.0000000e+00
   2.2400000e-01   0.0000000e+00
   7.8600000e-01   0.0000000e+00
   2.2200000e-01   0.0000000e+00
   1.9000000e-01   0.0000000e+00
   1.6100000e-01   0.0000000e+00
   2.6500000e-01   0.0000000e+00
   2.3600000e-01   0.0000000e+00
   2.4500000e-01   0.0000000e+00
   2.2400000e-01   0.0000000e+00
   2.5000000e-01   0.0000000e+00
   2.4300000e-01   0.0000000e+00
   2.3400000e-01   0.0000000e+00
   2.4400000e-01   0.0000000e+00
   1.6100000e-01   0.0000000e+00
   2.3000000e-01   0.0000000e+00
   1.4500000e-01   0.0000000e+00
   1.2300000e-01   0.0000000e+00
   6.0400000e-01   0.0000000e+00
   2.6700000e-01   0.0000000e+00
   5.5600000e-01   0.0000000e+00
   3.8800000e-01   0.0000000e+00
   6.4800000e-01   0.0000000e+00
   2.8500000e-01   0.0000000e+00
   4.0700000e-01   0.0000000e+00
   5.1000000e-01   0.0000000e+00
   1.9700000e-01   0.0000000e+00
   1.4400000e-01   0.0000000e+00
   2.0700000e-01   0.0000000e+00
   9.3500000e-01   0.0000000e+00
   6.0800000e-01   0.0000000e+00
   5.4900000e-01   0.0000000e+00
   6.3400000e-01   0.0000000e+00
   2.3600000e-01   0.0000000e+00
   2.6000000e-01   0.0000000e+00
   2.3000000e-01   0.0000000e+00
   4.2000000e-01   0.0000000e+00
   2.2500000e-01   0.0000000e+00
   2.8200000e-01   0.0000000e+00
   2.5500000e-01   0.0000000e+00
   1.6000000e-01   0.0000000e+00
   2.4100000e-01   0.0000000e+00
   6.4400000e-01   0.0000000e+00
   1.7000000e-01   0.0000000e+00
   2.3800000e-01   0.0000000e+00
   1.9600000e-01   0.0000000e+00
   2.3300000e-01   0.0000000e+00
   1.8900000e-01   0.0000000e+00
   5.0800000e-01   0.0000000e+00
   2.0500000e-01   0.0000000e+00
   3.4300000e-01   0.0000000e+00
   2.3400000e-01   0.0000000e+00
   2.1300000e-01   0.0000000e+00
   4.0700000e-01   0.0000000e+00
   4.2700000e-01   0.0000000e+00
   5.8400000e-01   0.0000000e+00
   3.3000000e-01   0.0000000e+00
   6.6300000e-01   0.0000000e+00
   7.3600000e-01   0.0000000e+00
   4.0600000e-01   0.0000000e+00
   4.3700000e-01   0.0000000e+00
   6.0500000e-01   0.0000000e+00
   2.1500000e-01   0.0000000e+00
