   4.3400000e-01   0.0000000e+00
   4.4000000e-01   0.0000000e+00
   1.4200000e-01   0.0000000e+00
   2.0500000e-01   0.0000000e+00
   1.6700000e-01   0.0000000e+00
   6.7000000e-01   0.0000000e+00
   5.1200000e-01   0.0000000e+00
   6.9500000e-01   0.0000000e+00
   4.2300000e-01   0.0000000e+00
   6.0500000e-01   0.0000000e+00
   1.6700000e-01   0.0000000e+00
   1.9200000e-01   0.0000000e+00
   1.8200000e-01   0.0000000e+00
   1.9000000e-01   0.0000000e+00
   1.7700000e-01   0.0000000e+00
   2.1700000e-01   0.0000000e+00
   1.4100000e-01   0.0000000e+00
   1.9200000e-01   0.0000000e+00
   2.5500000e-01   0.0000000e+00
   5.9600000e-01   0.0000000e+00
